15 23809  0.116 0 0  0 0 0   0.8092432551502086  
15 23160  0.1159823326381414 0.002024479146724887 0  0.0174532925199433 0 0   0.8019738676960458  
15 23162  0.1159293359342151 0.004048341617490112 0  0.03490658503988659 0 0   0.7293517972519856  
15 23815  0.1158410260315306 0.006070970924181485 0  0.05235987755982989 0 0   0.4195089971658212  
15 23817  0.1157174298301396 0.008091750954318536 0  0.06981317007977318 0 0   0.349388854174165  
15 23819  0.1155585849786425 0.01011006615872835 0  0.08726646259971647 0 0   0.4723557517552346  
15 23169  0.1153645398627197 0.0121253017390478 0  0.1047197551196598 0 0   0.7020525367115018  
15 23171  0.1151353535903934 0.01413684383499711 0  0.1221730476396031 0 0   0.724017538514874  
15 23173  0.1148710959740222 0.01614407971136759 0  0.1396263401595464 0 0   0.7233690543220018  
15 23826  0.114571847509036 0.01814639794466678 0  0.1570796326794897 0 0   0.7379548498554888  
15 23828  0.1142376993494161 0.02014318860936392 0  0.1745329251994329 0 0   0.4645048446799689  
15 23830  0.113868753279929 0.0221338434636792 0  0.1919862177193762 0 0   0.3192979838540207  
15 23832  0.1134651216851215 0.02411775613486008 0  0.2094395102393195 0 0   0.3510784481869377  
15 23834  0.1130269275150873 0.02609432230388834 0  0.2268928027592628 0 0   0.6487963423197799  
15 23836  0.1125543042480156 0.02806293988956145 0  0.2443460952792061 0 0   0.6466115014629169  
15 23185  0.1120473958495319 0.03002300923189241 0  0.2617993877991494 0 0   0.6404951133477159  
15 23187  0.111506356728845 0.0319739332747719 0  0.2792526803190927 0 0   0.6371220976261226  
15 23841  0.1109313516917121 0.03391511774783747 0  0.296705972839036 0 0   0.6457263521682033  
15 23843  0.1103225558902378 0.03584597134749391 0  0.3141592653589794 0 0   0.3315306460979798  
15 23845  0.1096801547695207 0.03776590591703018 0  0.3316125578789227 0 0   0.2721102319375478  
15 23847  0.1090043440111654 0.03967433662577759 0  0.349065850398866 0 0   0.3645663095290131  
15 23196  0.1082953294736754 0.04157068214725484 0  0.3665191429188093 0 0   0.5462255270035897  
15 23198  0.1075533271297473 0.04345436483624582 0  0.3839724354387526 0 0   0.5554716045369235  
15 23852  0.1067785630004831 0.04532481090475577 0  0.401425727958696 0 0   0.5589912291164105  
15 23854  0.1059712730865417 0.04718145059679284 0  0.4188790204786393 0 0   0.5660457095720695  
15 23203  0.1051317032962514 0.04902371836192115 0  0.4363323129985826 0 0   0.3771623848897759  
15 23858  0.1042601093707034 0.050851053027533 0  0.4537856055185259 0 0   0.2413573650060236  
15 23860  0.1033567568058507 0.05266289796978746 0  0.4712388980384692 0 0   0.2621550129732678  
15 23862  0.1024219207716355 0.05445870128316336 0  0.4886921905584126 0 0   0.4800817840548591  
15 23210  0.1014558860281699 0.05623791594857512 0  0.5061454830783558 0 0   0.4725015689671381  
15 23212  0.1004589468389949 0.05800000000000003 0  0.5235987755982991 0 0   0.4739857449299948  
15 23214  0.09943140688144501 0.05974441668956632 0  0.5410520681182425 0 0   0.4719939078487505  
15 23869  0.09837357915414541 0.06147063465105181 0  0.5585053606381858 0 0   0.4636694575715984  
15 23871  0.09728578588166917 0.06317812806174318 0  0.5759586531581291 0 0   0.2042168620000644  
15 23219  0.09616835841638482 0.06486637680260667 0  0.5934119456780724 0 0   0.1105251208146265  
15 23875  0.09502163713752303 0.06653486661672138 0  0.6108652381980157 0 0   0.07975475141033408  
15 23877  0.09384597134749388 0.06818308926592692 0  0.6283185307179591 0 0   0.07386673171405453  
15 23224  0.09264171916548594 0.06981054268563765 0  0.6457718232379024 0 0   0.04755592924423876  
15 23226  0.09140924741837972 0.0714167311377764 0  0.6632251157578457 0 0   0.02782816930981021  
15 23228  0.09014893152900859 0.0730011653617812 0  0.680678408277789 0 0   0.01699328371074635  
15 23884  0.08886115540180141 0.07456336272363862 0  0.6981317007977323 0 0   0.007188132170048339  
15 23886  0.08754631130584152 0.07610284736289889 0  0.7155849933176757 0 0   -0.004621840399036087  
15 23888  0.0862047997553777 0.0776191503376276 0  0.733038285837619 0 0   -0.01718006657962464  
15 23235  0.08483702938782374 0.07911180976724988 0  0.7504915783575623 0 0   -0.03578295743672365  
15 23237  0.0834434168392835 0.08058037097324373 0  0.7679448708775056 0 0   -0.04226569552804948  
15 23893  0.08202438661763947 0.08202438661763957 0  0.7853981633974489 0 0   -0.04681791666400041  
15 23240  0.08058037097324364 0.08344341683928359 0  0.8028514559173923 0 0   -0.05636424462359348  
15 23242  0.07911180976724977 0.08483702938782382 0  0.8203047484373356 0 0   -0.06663045537898549  
15 23899  0.07761915033762749 0.08620479975537779 0  0.8377580409572789 0 0   -0.04771436804116924  
15 23901  0.07610284736289878 0.0875463113058416 0  0.8552113334772222 0 0   -0.04292766827327285  
15 23903  0.07456336272363849 0.08886115540180152 0  0.8726646259971655 0 0   -0.05615335187445561  
15 23249  0.07300116536178107 0.09014893152900869 0  0.8901179185171089 0 0   -0.09349628065840734  
15 23251  0.07141673113777629 0.09140924741837982 0  0.9075712110370522 0 0   -0.1270475639780634  
15 23253  0.06981054268563752 0.09264171916548604 0  0.9250245035569955 0 0   -0.1837228857074468  
15 23910  0.06818308926592681 0.09384597134749396 0  0.9424777960769388 0 0   -0.2642505313139873  
15 23912  0.06653486661672127 0.09502163713752311 0  0.9599310885968821 0 0   -0.2534432594598295  
15 23258  0.06486637680260655 0.09616835841638489 0  0.9773843811168255 0 0   -0.295808927911613  
15 23916  0.06317812806174306 0.09728578588166925 0  0.9948376736367688 0 0   -0.4946092357674895  
15 23918  0.06147063465105168 0.09837357915414548 0  1.012290966156712 0 0   -1.069536086388493  
15 23263  0.0597444166895662 0.09943140688144508 0  1.029744258676655 0 0   -1.092376678853885  
15 23265  0.0579999999999999 0.100458946838995 0  1.047197551196599 0 0   -1.096456551732165  
15 23267  0.05623791594857499 0.10145588602817 0  1.064650843716542 0 0   -1.09279598383677  
15 23925  0.05445870128316323 0.1024219207716356 0  1.082104136236485 0 0   -1.111081511039342  
15 23927  0.05266289796978732 0.1033567568058507 0  1.099557428756429 0 0   -0.5773045700359654  
15 23929  0.05085105302753287 0.1042601093707034 0  1.117010721276372 0 0   -0.4840732914156638  
15 23274  0.04902371836192102 0.1051317032962514 0  1.134464013796315 0 0   -0.70595504162316  
15 23933  0.04718145059679271 0.1059712730865418 0  1.151917306316259 0 0   -1.038484383857891  
15 23935  0.04532481090475563 0.1067785630004831 0  1.169370598836202 0 0   -1.026418717377433  
15 23279  0.04345436483624567 0.1075533271297474 0  1.186823891356145 0 0   -1.02010321637225  
15 23281  0.04157068214725471 0.1082953294736755 0  1.204277183876089 0 0   -1.002593519787399  
15 23940  0.03967433662577743 0.1090043440111654 0  1.221730476396032 0 0   -0.6590780767002983  
15 23942  0.03776590591703004 0.1096801547695208 0  1.239183768915975 0 0   -0.4589419660637187  
15 23944  0.03584597134749377 0.1103225558902379 0  1.256637061435919 0 0   -0.5132676348786891  
15 23946  0.03391511774783732 0.1109313516917122 0  1.274090353955862 0 0   -0.9569586914277188  
15 23290  0.03197393327477176 0.111506356728845 0  1.291543646475805 0 0   -0.9452749880173988  
15 23292  0.03002300923189226 0.112047395849532 0  1.308996938995749 0 0   -0.9507892090152985  
15 23951  0.02806293988956131 0.1125543042480156 0  1.326450231515692 0 0   -0.9603907383240708  
15 23953  0.02609432230388819 0.1130269275150873 0  1.343903524035635 0 0   -0.9646448526726791  
15 23955  0.02411775613485992 0.1134651216851215 0  1.361356816555578 0 0   -0.5001377141037976  
15 23957  0.02213384346367903 0.1138687532799291 0  1.378810109075522 0 0   -0.4188892020013491  
15 23959  0.02014318860936375 0.1142376993494162 0  1.396263401595465 0 0   -0.5716178609594232  
15 23961  0.01814639794466661 0.114571847509036 0  1.413716694115408 0 0   -0.8950937127664398  
15 23304  0.01614407971136742 0.1148710959740222 0  1.431169986635352 0 0   -0.8783978483143361  
15 23306  0.01413684383499693 0.1151353535903934 0  1.448623279155295 0 0   -0.879926371999937  
15 23308  0.01212530173904762 0.1153645398627197 0  1.466076571675238 0 0   -0.8529744498743993  
15 23968  0.01011006615872816 0.1155585849786425 0  1.483529864195182 0 0   -0.5664851793870218  
15 23970  0.008091750954318347 0.1157174298301396 0  1.500983156715125 0 0   -0.393402062392717  
15 23972  0.006070970924181294 0.1158410260315306 0  1.518436449235068 0 0   -0.4362149228264806  
15 23315  0.00404834161748992 0.1159293359342151 0  1.535889741755012 0 0   -0.7308503201239634  
15 23317  0.002024479146724691 0.1159823326381414 0  1.553343034274955 0 0   -0.8014518200375798  
15 23978  -1.989544419353744e-16 0.116 0  1.570796326794898 0 0   -0.8094200094706407  
15 23320  -0.00202447914672509 0.1159823326381414 0  1.588249619314842 0 0   -0.8019419492919649  
15 23322  -0.004048341617490317 0.1159293359342151 0  1.605702911834785 0 0   -0.7293208208228438  
15 23983  -0.006070970924181692 0.1158410260315306 0  1.623156204354728 0 0   -0.4194866746598579  
15 23985  -0.008091750954318746 0.1157174298301396 0  1.640609496874672 0 0   -0.3493640047431051  
15 23987  -0.01011006615872856 0.1155585849786425 0  1.658062789394615 0 0   -0.4723140296252043  
15 23329  -0.01212530173904802 0.1153645398627197 0  1.675516081914558 0 0   -0.701988119233149  
15 23331  -0.01413684383499733 0.1151353535903933 0  1.692969374434502 0 0   -0.7239530748470568  
15 23333  -0.01614407971136781 0.1148710959740221 0  1.710422666954445 0 0   -0.7233049775237215  
15 23994  -0.018146397944667 0.1145718475090359 0  1.727875959474388 0 0   -0.7378900180174669  
15 23996  -0.02014318860936415 0.1142376993494161 0  1.745329251994332 0 0   -0.4644682899594768  
15 23998  -0.02213384346367942 0.113868753279929 0  1.762782544514275 0 0   -0.319283458755667  
15 24000  -0.02411775613486031 0.1134651216851214 0  1.780235837034218 0 0   -0.3510763961045252  
15 24002  -0.02609432230388857 0.1130269275150872 0  1.797689129554161 0 0   -0.6488045330179461  
15 24004  -0.02806293988956169 0.1125543042480155 0  1.815142422074105 0 0   -0.6466170695175366  
15 23345  -0.03002300923189265 0.1120473958495319 0  1.832595714594048 0 0   -0.6405009291541995  
15 23347  -0.03197393327477215 0.1115063567288449 0  1.850049007113991 0 0   -0.6371304323404966  
15 24009  -0.0339151177478377 0.110931351691712 0  1.867502299633935 0 0   -0.6457389684849408  
15 24011  -0.03584597134749413 0.1103225558902377 0  1.884955592153878 0 0   -0.3315323919529282  
15 24013  -0.03776590591703041 0.1096801547695207 0  1.902408884673821 0 0   -0.2721050668659117  
15 24015  -0.03967433662577782 0.1090043440111653 0  1.919862177193765 0 0   -0.3645515023241768  
15 23356  -0.04157068214725507 0.1082953294736753 0  1.937315469713708 0 0   -0.5462090183183539  
15 23358  -0.04345436483624604 0.1075533271297472 0  1.954768762233651 0 0   -0.5554471313676268  
15 24020  -0.045324810904756 0.106778563000483 0  1.972222054753595 0 0   -0.5589737891616199  
15 24022  -0.04718145059679307 0.1059712730865416 0  1.989675347273538 0 0   -0.5660241042772902  
15 23363  -0.04902371836192135 0.1051317032962513 0  2.007128639793481 0 0   -0.3771519999317348  
15 24026  -0.05085105302753318 0.1042601093707033 0  2.024581932313424 0 0   -0.2413492235863174  
15 24028  -0.0526628979697876 0.1033567568058506 0  2.042035224833367 0 0   -0.2621474430876075  
15 24030  -0.05445870128316348 0.1024219207716354 0  2.05948851735331 0 0   -0.480070121361646  
15 23370  -0.05623791594857523 0.1014558860281699 0  2.076941809873253 0 0   -0.4724913893240637  
15 23372  -0.05800000000000012 0.1004589468389948 0  2.094395102393197 0 0   -0.4739734136191968  
15 23374  -0.05974441668956638 0.09943140688144497 0  2.11184839491314 0 0   -0.4719764619658642  
15 24037  -0.06147063465105185 0.09837357915414538 0  2.129301687433083 0 0   -0.4636601660972651  
15 24039  -0.06317812806174319 0.09728578588166915 0  2.146754979953026 0 0   -0.2042111129264977  
15 23379  -0.06486637680260667 0.09616835841638482 0  2.164208272472969 0 0   -0.1103702579595591  
15 24043  -0.06653486661672135 0.09502163713752304 0  2.181661564992912 0 0   -0.07980166618071487  
15 24045  -0.06818308926592688 0.09384597134749391 0  2.199114857512855 0 0   -0.07378019094000612  
15 23384  -0.06981054268563758 0.092641719165486 0  2.216568150032798 0 0   -0.04751940973176854  
15 23386  -0.07141673113777632 0.09140924741837979 0  2.234021442552741 0 0   -0.02774656821979875  
15 23388  -0.07300116536178108 0.09014893152900869 0  2.251474735072684 0 0   -0.0170366086525739  
15 24052  -0.07456336272363849 0.08886115540180152 0  2.268928027592628 0 0   -0.007182899167074237  
15 24054  -0.07610284736289875 0.08754631130584163 0  2.286381320112571 0 0   0.004610412250664296  
15 24056  -0.07761915033762744 0.08620479975537784 0  2.303834612632514 0 0   0.01717602602207673  
15 23395  -0.07911180976724971 0.08483702938782389 0  2.321287905152457 0 0   0.03595659387350102  
15 23397  -0.08058037097324354 0.08344341683928368 0  2.3387411976724 0 0   0.04225956893224524  
15 24061  -0.08202438661763937 0.08202438661763967 0  2.356194490192343 0 0   0.04682673978168531  
15 23400  -0.08344341683928337 0.08058037097324387 0  2.373647782712286 0 0   0.05639209490136107  
15 23402  -0.0848370293878236 0.07911180976725002 0  2.391101075232229 0 0   0.06678856613809302  
15 24067  -0.08620479975537754 0.07761915033762777 0  2.408554367752172 0 0   0.04770956470191764  
15 24069  -0.08754631130584135 0.07610284736289907 0  2.426007660272115 0 0   0.04287417148738171  
15 24071  -0.08886115540180124 0.07456336272363881 0  2.443460952792059 0 0   0.05625638011713065  
15 23409  -0.09014893152900839 0.07300116536178143 0  2.460914245312002 0 0   0.09368745217747339  
15 23411  -0.09140924741837951 0.07141673113777666 0  2.478367537831945 0 0   0.1269682328987411  
15 23413  -0.09264171916548573 0.06981054268563792 0  2.495820830351888 0 0   0.1834820665474826  
15 24078  -0.09384597134749365 0.06818308926592724 0  2.513274122871831 0 0   0.263570123582441  
15 24080  -0.09502163713752279 0.06653486661672171 0  2.530727415391774 0 0   0.2532457012574809  
15 23418  -0.09616835841638458 0.06486637680260703 0  2.548180707911717 0 0   0.2954752522256985  
15 24084  -0.09728578588166892 0.06317812806174355 0  2.56563400043166 0 0   0.4945719089505182  
15 24086  -0.09837357915414514 0.06147063465105221 0  2.583087292951603 0 0   1.069626084552695  
15 23423  -0.09943140688144475 0.05974441668956675 0  2.600540585471546 0 0   1.092492527262411  
15 23425  -0.1004589468389946 0.0580000000000005 0  2.61799387799149 0 0   1.096564771726964  
15 23427  -0.1014558860281696 0.05623791594857561 0  2.635447170511433 0 0   1.092894377111655  
15 24093  -0.1024219207716352 0.05445870128316387 0  2.652900463031376 0 0   1.111190600988323  
15 24095  -0.1033567568058504 0.05266289796978799 0  2.670353755551319 0 0   0.5773547480619113  
15 24097  -0.1042601093707031 0.05085105302753357 0  2.687807048071262 0 0   0.4841096982485437  
15 23434  -0.1051317032962511 0.04902371836192175 0  2.705260340591205 0 0   0.705998405646964  
15 24101  -0.1059712730865414 0.04718145059679346 0  2.722713633111148 0 0   1.038545298033204  
15 24103  -0.1067785630004828 0.04532481090475642 0  2.740166925631091 0 0   1.026476210889814  
15 23439  -0.1075533271297471 0.04345436483624649 0  2.757620218151034 0 0   1.020156876091117  
15 23441  -0.1082953294736751 0.04157068214725555 0  2.775073510670977 0 0   1.002654411210508  
15 24108  -0.1090043440111651 0.03967433662577832 0  2.792526803190921 0 0   0.6591175301966903  
15 24110  -0.1096801547695205 0.03776590591703095 0  2.809980095710864 0 0   0.4589503045069116  
15 24112  -0.1103225558902376 0.0358459713474947 0  2.827433388230807 0 0   0.5132623349818365  
15 24114  -0.1109313516917119 0.03391511774783829 0  2.84488668075075 0 0   0.9569275037572025  
15 23450  -0.1115063567288447 0.03197393327477276 0  2.862339973270693 0 0   0.9452533695991016  
15 23452  -0.1120473958495317 0.03002300923189328 0  2.879793265790636 0 0   0.9507606126575977  
15 24119  -0.1125543042480154 0.02806293988956236 0  2.897246558310579 0 0   0.9603611050677505  
15 24121  -0.1130269275150871 0.02609432230388927 0  2.914699850830522 0 0   0.9646096728179351  
15 24123  -0.1134651216851213 0.02411775613486104 0  2.932153143350465 0 0   0.5001279914527956  
15 24125  -0.1138687532799288 0.02213384346368018 0  2.949606435870408 0 0   0.4188791561343165  
15 24127  -0.114237699349416 0.02014318860936493 0  2.967059728390351 0 0   0.5716225788596645  
15 24129  -0.1145718475090358 0.01814639794466781 0  2.984513020910295 0 0   0.8951024761585334  
15 23464  -0.114871095974022 0.01614407971136865 0  3.001966313430238 0 0   0.8784112893025372  
15 23466  -0.1151353535903932 0.01413684383499819 0  3.019419605950181 0 0   0.8799403565436531  
15 23468  -0.1153645398627196 0.01212530173904891 0  3.036872898470124 0 0   0.8529828256450558  
15 24136  -0.1155585849786424 0.01011006615872948 0  3.054326190990067 0 0   0.5664886066510773  
15 24138  -0.1157174298301395 0.008091750954319691 0  3.07177948351001 0 0   0.3934047729223711  
15 24140  -0.1158410260315305 0.006070970924182665 0  3.089232776029953 0 0   0.436215302861214  
15 23475  -0.1159293359342151 0.004048341617491317 0  3.106686068549896 0 0   0.7308621951334263  
15 23477  -0.1159823326381414 0.002024479146726115 0  3.124139361069839 0 0   0.8014580507999218  
15 24145  -0.116 1.250550263092684e-15 0  3.141592653589782 0 0   0.8092102967089666  
15 23480  -0.1159823326381414 -0.002024479146723614 0  3.159045946109726 0 0   0.8019443795269586  
15 23482  -0.1159293359342152 -0.004048341617488817 0  3.176499238629669 0 0   0.7293211188876831  
15 24151  -0.1158410260315307 -0.006070970924180167 0  3.193952531149612 0 0   0.4194985919290757  
15 24153  -0.1157174298301397 -0.008091750954317196 0  3.211405823669555 0 0   0.3493864299340962  
15 24155  -0.1155585849786426 -0.01011006615872699 0  3.228859116189498 0 0   0.4723555712892316  
15 23489  -0.1153645398627199 -0.01212530173904642 0  3.246312408709441 0 0   0.7020512441639384  
15 23491  -0.1151353535903935 -0.01413684383499571 0  3.263765701229384 0 0   0.7240192066219479  
15 23493  -0.1148710959740224 -0.01614407971136617 0  3.281218993749327 0 0   0.7233692501430885  
15 24162  -0.1145718475090362 -0.01814639794466534 0  3.29867228626927 0 0   0.7379530829203448  
15 24164  -0.1142376993494164 -0.02014318860936246 0  3.316125578789213 0 0   0.4645038052272865  
15 24166  -0.1138687532799293 -0.02213384346367772 0  3.333578871309157 0 0   0.3193012336140809  
15 24168  -0.1134651216851218 -0.02411775613485859 0  3.3510321638291 0 0   0.3510899999103295  
15 24170  -0.1130269275150876 -0.02609432230388683 0  3.368485456349043 0 0   0.6488199422323363  
15 24172  -0.112554304248016 -0.02806293988955993 0  3.385938748868986 0 0   0.6466307012779025  
15 23505  -0.1120473958495323 -0.03002300923189087 0  3.403392041388929 0 0   0.6405101817186887  
15 23507  -0.1115063567288454 -0.03197393327477036 0  3.420845333908872 0 0   0.63713373236739  
15 24177  -0.1109313516917126 -0.0339151177478359 0  3.438298626428815 0 0   0.6457362699466932  
15 24179  -0.1103225558902383 -0.03584597134749232 0  3.455751918948758 0 0   0.3315277887976778  
15 24181  -0.1096801547695213 -0.03776590591702858 0  3.473205211468701 0 0   0.2720918606283296  
15 24183  -0.109004344011166 -0.03967433662577597 0  3.490658503988644 0 0   0.3645249405791832  
15 23516  -0.108295329473676 -0.04157068214725321 0  3.508111796508588 0 0   0.54616003065733  
15 23518  -0.107553327129748 -0.04345436483624417 0  3.525565089028531 0 0   0.5554037706235678  
15 24188  -0.1067785630004838 -0.04532481090475412 0  3.543018381548474 0 0   0.5589244948904861  
15 24190  -0.1059712730865424 -0.04718145059679118 0  3.560471674068417 0 0   0.5659724298873711  
15 23523  -0.1051317032962522 -0.04902371836191948 0  3.57792496658836 0 0   0.3771180816678788  
15 24194  -0.1042601093707042 -0.05085105302753132 0  3.595378259108303 0 0   0.241337048553618  
15 24196  -0.1033567568058515 -0.05266289796978577 0  3.612831551628246 0 0   0.262144363517885  
15 24198  -0.1024219207716364 -0.05445870128316166 0  3.630284844148189 0 0   0.480076336940583  
15 23530  -0.1014558860281708 -0.05623791594857342 0  3.647738136668132 0 0   0.4724940513869961  
15 23532  -0.1004589468389959 -0.05799999999999832 0  3.665191429188075 0 0   0.4739816673000126  
15 23534  -0.09943140688144604 -0.05974441668956461 0  3.682644721708018 0 0   0.4719884135895044  
15 24205  -0.09837357915414648 -0.0614706346510501 0  3.700098014227962 0 0   0.4636676585999412  
15 24207  -0.09728578588167029 -0.06317812806174146 0  3.717551306747905 0 0   0.2042112812371002  
15 23539  -0.09616835841638598 -0.06486637680260496 0  3.735004599267848 0 0   0.1103668220929973  
15 24211  -0.09502163713752422 -0.06653486661671967 0  3.752457891787791 0 0   0.07979439310456718  
15 24213  -0.09384597134749513 -0.0681830892659252 0  3.769911184307734 0 0   0.07377054554073337  
15 23544  -0.09264171916548723 -0.06981054268563593 0  3.787364476827677 0 0   0.04751235167052752  
15 23546  -0.09140924741838106 -0.07141673113777469 0  3.80481776934762 0 0   0.02774103373940374  
15 23548  -0.09014893152900998 -0.07300116536177947 0  3.822271061867563 0 0   0.01703196055746966  
15 24220  -0.08886115540180284 -0.07456336272363691 0  3.839724354387506 0 0   0.007179869996912334  
15 24222  -0.08754631130584301 -0.0761028473628972 0  3.857177646907449 0 0   -0.004612674765074646  
15 24224  -0.08620479975537922 -0.07761915033762591 0  3.874630939427393 0 0   -0.01717874809956716  
15 23555  -0.08483702938782531 -0.07911180976724819 0  3.892084231947336 0 0   -0.03596223002705166  
15 23557  -0.08344341683928512 -0.08058037097324207 0  3.909537524467279 0 0   -0.04227905834457349  
15 24229  -0.08202438661764114 -0.0820243866176379 0  3.926990816987222 0 0   -0.0468236902333018  
15 22920  -0.08058037097324534 -0.08344341683928193 0  3.944444109507165 0 0   -0.05617051507717299  
15 22922  -0.07911180976725155 -0.0848370293878222 0  3.961897402027108 0 0   -0.06683780594340728  
15 23563  -0.07761915033762931 -0.08620479975537616 0  3.979350694547051 0 0   -0.04768778308541926  
15 23565  -0.07610284736290064 -0.08754631130583999 0  3.996803987066994 0 0   -0.04289883407021421  
15 23567  -0.07456336272364039 -0.08886115540179991 0  4.014257279586937 0 0   -0.05620000993114607  
15 22929  -0.07300116536178304 -0.09014893152900709 0  4.03171057210688 0 0   -0.09373809042488587  
15 22931  -0.0714167311377783 -0.09140924741837825 0  4.049163864626824 0 0   -0.1269533913793598  
15 22933  -0.06981054268563958 -0.0926417191654845 0  4.066617157146767 0 0   -0.1836746134175649  
15 23574  -0.06818308926592889 -0.09384597134749244 0  4.08407044966671 0 0   -0.2642831868925821  
15 23576  -0.06653486661672341 -0.09502163713752161 0  4.101523742186653 0 0   -0.2534537516308441  
15 22938  -0.06486637680260875 -0.09616835841638342 0  4.118977034706596 0 0   -0.2958183930617899  
15 23580  -0.06317812806174529 -0.09728578588166781 0  4.136430327226539 0 0   -0.4946271547927565  
15 23582  -0.06147063465105397 -0.09837357915414405 0  4.153883619746482 0 0   -1.069583746900296  
15 22943  -0.05974441668956853 -0.09943140688144368 0  4.171336912266425 0 0   -1.092426348437463  
15 22945  -0.05800000000000229 -0.1004589468389936 0  4.188790204786368 0 0   -1.096508243338632  
15 22947  -0.05623791594857742 -0.1014558860281686 0  4.206243497306311 0 0   -1.092843763344735  
15 23589  -0.05445870128316569 -0.1024219207716343 0  4.223696789826255 0 0   -1.111140896753841  
15 23591  -0.05266289796978983 -0.1033567568058495 0  4.241150082346198 0 0   -0.5773265633349465  
15 23593  -0.05085105302753543 -0.1042601093707022 0  4.258603374866141 0 0   -0.4840836935747714  
15 22954  -0.04902371836192362 -0.1051317032962502 0  4.276056667386084 0 0   -0.7059582464093225  
15 23597  -0.04718145059679536 -0.1059712730865406 0  4.293509959906027 0 0   -1.038486399899898  
15 23599  -0.04532481090475833 -0.106778563000482 0  4.31096325242597 0 0   -1.026415899217832  
15 22959  -0.04345436483624841 -0.1075533271297463 0  4.328416544945913 0 0   -1.020089359990434  
15 22961  -0.04157068214725748 -0.1082953294736744 0  4.345869837465856 0 0   -1.002609639653485  
15 23604  -0.03967433662578027 -0.1090043440111644 0  4.363323129985799 0 0   -0.6590832686149187  
15 23606  -0.0377659059170329 -0.1096801547695198 0  4.380776422505742 0 0   -0.4589409880728694  
15 23608  -0.03584597134749667 -0.1103225558902369 0  4.398229715025685 0 0   -0.5132715191181191  
15 23610  -0.03391511774784026 -0.1109313516917113 0  4.415683007545629 0 0   -0.9569631692140702  
15 22970  -0.03197393327477475 -0.1115063567288442 0  4.433136300065572 0 0   -0.9452872397232142  
15 22972  -0.03002300923189528 -0.1120473958495312 0  4.450589592585515 0 0   -0.9507898398947576  
15 23615  -0.02806293988956437 -0.1125543042480149 0  4.468042885105458 0 0   -0.9603970171927581  
15 23617  -0.02609432230389128 -0.1130269275150866 0  4.485496177625401 0 0   -0.9646492787676122  
15 23619  -0.02411775613486306 -0.1134651216851208 0  4.502949470145344 0 0   -0.5001418210650224  
15 23621  -0.02213384346368221 -0.1138687532799284 0  4.520402762665287 0 0   -0.4188804525317082  
15 23623  -0.02014318860936696 -0.1142376993494156 0  4.53785605518523 0 0   -0.5716142621301872  
15 23625  -0.01814639794466986 -0.1145718475090355 0  4.555309347705173 0 0   -0.8950873612653271  
15 22984  -0.01614407971137069 -0.1148710959740217 0  4.572762640225116 0 0   -0.8783918391814014  
15 22986  -0.01413684383500024 -0.115135353590393 0  4.59021593274506 0 0   -0.8799198497249524  
15 22988  -0.01212530173905097 -0.1153645398627194 0  4.607669225265003 0 0   -0.8529642374155486  
15 23632  -0.01011006615873154 -0.1155585849786422 0  4.625122517784946 0 0   -0.5664766171480645  
15 23634  -0.008091750954321754 -0.1157174298301394 0  4.642575810304889 0 0   -0.3933969235902374  
15 23636  -0.00607097092418473 -0.1158410260315304 0  4.660029102824832 0 0   -0.4362067511150539  
15 22995  -0.004048341617493383 -0.115929335934215 0  4.677482395344775 0 0   -0.7308472429734042  
15 22997  -0.002024479146728182 -0.1159823326381413 0  4.694935687864718 0 0   -0.8014444739923294  
15 23641  -3.318227148232029e-15 -0.116 0  4.712388980384661 0 0   -0.8092025749486433  
15 23000  0.002024479146721547 -0.1159823326381414 0  4.729842272904604 0 0   -0.8019347239620791  
15 23002  0.004048341617486751 -0.1159293359342152 0  4.747295565424547 0 0   -0.7293150383312581  
15 23647  0.006070970924178102 -0.1158410260315307 0  4.764748857944491 0 0   -0.419486833259726  
15 23649  0.008091750954315134 -0.1157174298301399 0  4.782202150464434 0 0   -0.3493706412837909  
15 23651  0.01011006615872493 -0.1155585849786428 0  4.799655442984377 0 0   -0.472330431940802  
15 23009  0.01212530173904437 -0.1153645398627201 0  4.81710873550432 0 0   -0.7020149991226323  
15 23011  0.01413684383499366 -0.1151353535903938 0  4.834562028024263 0 0   -0.723981106494983  
15 23013  0.01614407971136412 -0.1148710959740226 0  4.852015320544206 0 0   -0.7233330755034172  
15 23658  0.0181463979446633 -0.1145718475090365 0  4.869468613064149 0 0   -0.7379188328763888  
15 23660  0.02014318860936043 -0.1142376993494168 0  4.886921905584092 0 0   -0.4644848048052222  
15 23662  0.0221338434636757 -0.1138687532799297 0  4.904375198104035 0 0   -0.319289765506043  
15 23664  0.02411775613485657 -0.1134651216851222 0  4.921828490623978 0 0   -0.3510756015192649  
15 23666  0.02609432230388482 -0.1130269275150881 0  4.939281783143922 0 0   -0.6487952069585005  
15 23668  0.02806293988955793 -0.1125543042480165 0  4.956735075663865 0 0   -0.6466078930042982  
15 23025  0.03002300923188887 -0.1120473958495329 0  4.974188368183808 0 0   -0.6404918922293545  
15 23027  0.03197393327476836 -0.111506356728846 0  4.991641660703751 0 0   -0.6371214711133566  
15 23673  0.03391511774783391 -0.1109313516917132 0  5.009094953223694 0 0   -0.6457298200077761  
15 23675  0.03584597134749035 -0.110322555890239 0  5.026548245743637 0 0   -0.3315283476558286  
15 23677  0.03776590591702662 -0.109680154769522 0  5.04400153826358 0 0   -0.2721015421476712  
15 23679  0.03967433662577403 -0.1090043440111667 0  5.061454830783523 0 0   -0.3645470460758249  
15 23036  0.04157068214725129 -0.1082953294736768 0  5.078908123303466 0 0   -0.5462023949570121  
15 23038  0.04345436483624225 -0.1075533271297488 0  5.096361415823409 0 0   -0.55543967712954  
15 23684  0.04532481090475222 -0.1067785630004846 0  5.113814708343352 0 0   -0.5589643654809625  
15 23686  0.04718145059678929 -0.1059712730865433 0  5.131268000863296 0 0   -0.5660205583914159  
15 23043  0.04902371836191761 -0.105131703296253 0  5.148721293383239 0 0   -0.3771504848946987  
15 23690  0.05085105302752947 -0.1042601093707051 0  5.166174585903182 0 0   -0.241351396127908  
15 23692  0.05266289796978392 -0.1033567568058525 0  5.183627878423125 0 0   -0.2621551216153955  
15 23694  0.05445870128315983 -0.1024219207716374 0  5.201081170943068 0 0   -0.4800905780612508  
15 23050  0.05623791594857161 -0.1014558860281718 0  5.218534463463011 0 0   -0.4725110552632307  
15 23052  0.05799999999999653 -0.1004589468389969 0  5.235987755982954 0 0   -0.4739929260748628  
15 23054  0.05974441668956283 -0.09943140688144711 0  5.253441048502897 0 0   -0.472002122949823  
15 23701  0.06147063465104834 -0.09837357915414757 0  5.27089434102284 0 0   -0.4636782102106786  
15 23703  0.06317812806173974 -0.09728578588167142 0  5.288347633542783 0 0   -0.2042164566440891  
15 23059  0.06486637680260324 -0.09616835841638714 0  5.305800926062727 0 0   -0.1105200917548419  
15 23707  0.06653486661671797 -0.09502163713752543 0  5.32325421858267 0 0   -0.07978847104858436  
15 23709  0.06818308926592354 -0.09384597134749634 0  5.340707511102613 0 0   -0.07380918491066145  
15 23064  0.06981054268563427 -0.09264171916548848 0  5.358160803622556 0 0   -0.04747379109582181  
15 23066  0.07141673113777305 -0.09140924741838233 0  5.375614096142499 0 0   -0.02788448390483898  
15 23068  0.07300116536177786 -0.09014893152901128 0  5.393067388662442 0 0   -0.01694218420283871  
15 23716  0.07456336272363533 -0.08886115540180418 0  5.410520681182385 0 0   -0.007180867500710564  
15 23718  0.07610284736289563 -0.08754631130584435 0  5.427973973702328 0 0   0.004587813090607981  
15 23720  0.07761915033762438 -0.08620479975538059 0  5.445427266222271 0 0   0.0171622848317258  
15 23075  0.07911180976724669 -0.08483702938782671 0  5.462880558742214 0 0   0.03589801339932541  
15 23077  0.08058037097324057 -0.08344341683928655 0  5.480333851262158 0 0   0.04234063632932733  
15 23725  0.08202438661763645 -0.08202438661764259 0  5.497787143782101 0 0   0.04677090485440297  
15 23080  0.0834434168392805 -0.08058037097324684 0  5.515240436302044 0 0   0.05638085382574149  
15 23082  0.08483702938782078 -0.07911180976725304 0  5.532693728821987 0 0   0.0666231420173285  
15 23731  0.08620479975537478 -0.07761915033763084 0  5.55014702134193 0 0   0.04770827629694858  
15 23733  0.08754631130583863 -0.07610284736290221 0  5.567600313861873 0 0   0.0428737850856054  
15 23735  0.08886115540179858 -0.07456336272364199 0  5.585053606381816 0 0   0.05621808703286899  
15 23089  0.0901489315290058 -0.07300116536178464 0  5.602506898901759 0 0   0.09356949528625202  
15 23091  0.09140924741837697 -0.07141673113777992 0  5.619960191421702 0 0   0.1271601297805781  
15 23093  0.09264171916548325 -0.06981054268564123 0  5.637413483941645 0 0   0.1836089579264406  
15 23742  0.09384597134749123 -0.06818308926593057 0  5.654866776461589 0 0   0.2638168358776339  
15 23744  0.09502163713752043 -0.0665348666167251 0  5.672320068981532 0 0   0.2531006681040318  
15 23098  0.09616835841638227 -0.06486637680261045 0  5.689773361501475 0 0   0.295826283882294  
15 23748  0.09728578588166667 -0.06317812806174702 0  5.707226654021418 0 0   0.4945574128208381  
15 23750  0.09837357915414295 -0.06147063465105573 0  5.724679946541361 0 0   1.069601711688276  
15 23103  0.09943140688144263 -0.05974441668957031 0  5.742133239061304 0 0   1.092475774485252  
15 23105  0.1004589468389925 -0.05800000000000407 0  5.759586531581247 0 0   1.096554351592381  
15 23107  0.1014558860281676 -0.05623791594857923 0  5.77703982410119 0 0   1.092880887854717  
15 23757  0.1024219207716333 -0.05445870128316752 0  5.794493116621133 0 0   1.111172624940204  
15 23759  0.1033567568058485 -0.05266289796979168 0  5.811946409141076 0 0   0.5773450324513768  
15 23761  0.1042601093707013 -0.05085105302753729 0  5.82939970166102 0 0   0.4840990292224351  
15 23114  0.1051317032962494 -0.0490237183619255 0  5.846852994180963 0 0   0.7059806206358439  
15 23765  0.1059712730865398 -0.04718145059679724 0  5.864306286700906 0 0   1.038515997347275  
15 23767  0.1067785630004812 -0.04532481090476023 0  5.881759579220849 0 0   1.02644751940399  
15 23119  0.1075533271297455 -0.04345436483625032 0  5.899212871740792 0 0   1.020130825140418  
15 23121  0.1082953294736737 -0.04157068214725941 0  5.916666164260735 0 0   1.002627178447166  
15 23772  0.1090043440111637 -0.0396743366257822 0  5.934119456780678 0 0   0.6590998007489379  
15 23774  0.1096801547695191 -0.03776590591703485 0  5.951572749300621 0 0   0.4589569386410631  
15 23776  0.1103225558902363 -0.03584597134749863 0  5.969026041820564 0 0   0.5132855104374223  
15 23778  0.1109313516917107 -0.03391511774784224 0  5.986479334340507 0 0   0.9569932800019658  
15 23130  0.1115063567288436 -0.03197393327477673 0  6.00393262686045 0 0   0.9453082310018343  
15 23132  0.1120473958495306 -0.03002300923189728 0  6.021385919380394 0 0   0.9508234743772526  
15 23783  0.1125543042480144 -0.02806293988956637 0  6.038839211900337 0 0   0.9604252267992696  
15 23785  0.1130269275150862 -0.0260943223038933 0  6.05629250442028 0 0   0.9646793555451559  
15 23787  0.1134651216851204 -0.02411775613486508 0  6.073745796940223 0 0   0.5001560024991509  
15 23789  0.113868753279928 -0.02213384346368424 0  6.091199089460166 0 0   0.418905246201964  
15 23791  0.1142376993494152 -0.020143188609369 0  6.108652381980109 0 0   0.571640668994771  
15 23793  0.1145718475090352 -0.0181463979446719 0  6.126105674500052 0 0   0.8951298058682953  
15 23144  0.1148710959740214 -0.01614407971137274 0  6.143558967019995 0 0   0.8784339324159395  
15 23146  0.1151353535903927 -0.01413684383500229 0  6.161012259539938 0 0   0.879962461118335  
15 23148  0.1153645398627192 -0.01212530173905302 0  6.178465552059881 0 0   0.8530043983767454  
15 23800  0.115558584978642 -0.0101100661587336 0  6.195918844579825 0 0   0.5665057125786322  
15 23802  0.1157174298301392 -0.008091750954323816 0  6.213372137099768 0 0   0.3934175902032774  
15 23804  0.1158410260315303 -0.006070970924186794 0  6.230825429619711 0 0   0.4362329240813565  
15 23155  0.1159293359342149 -0.00404834161749545 0  6.248278722139654 0 0   0.7308809512308021  
15 23157  0.1159823326381413 -0.00202447914673025 0  6.265732014659597 0 0   0.801485157401883  
15 23809  0.116 -5.385904033371374e-15 0  6.28318530717954 0 0   0.8092432551502086  
