15 23803  0.116 0 0  0 0 0   0.8366779105144756  
15 23154  0.1159823326381414 0.002024479146724887 0  0.0174532925199433 0 0   0.8289655944159016  
15 23156  0.1159293359342151 0.004048341617490112 0  0.03490658503988659 0 0   0.7535597599739751  
15 23809  0.1158410260315306 0.006070970924181485 0  0.05235987755982989 0 0   0.4315728605650145  
15 23811  0.1157174298301396 0.008091750954318536 0  0.06981317007977318 0 0   0.3567294817413884  
15 23813  0.1155585849786425 0.01011006615872835 0  0.08726646259971647 0 0   0.4798271351108493  
15 23163  0.1153645398627197 0.0121253017390478 0  0.1047197551196598 0 0   0.7126785897172847  
15 23165  0.1151353535903934 0.01413684383499711 0  0.1221730476396031 0 0   0.7350252184141257  
15 23167  0.1148710959740222 0.01614407971136759 0  0.1396263401595464 0 0   0.7346977330041463  
15 23820  0.114571847509036 0.01814639794466678 0  0.1570796326794897 0 0   0.7499844756709227  
15 23822  0.1142376993494161 0.02014318860936392 0  0.1745329251994329 0 0   0.469834388642177  
15 23824  0.113868753279929 0.0221338434636792 0  0.1919862177193762 0 0   0.3160418707629149  
15 23826  0.1134651216851215 0.02411775613486008 0  0.2094395102393195 0 0   0.3376759746611846  
15 23828  0.1130269275150873 0.02609432230388834 0  0.2268928027592628 0 0   0.6147613587948438  
15 23830  0.1125543042480156 0.02806293988956145 0  0.2443460952792061 0 0   0.6134017669867901  
15 23179  0.1120473958495319 0.03002300923189241 0  0.2617993877991494 0 0   0.6081759126230484  
15 23181  0.111506356728845 0.0319739332747719 0  0.2792526803190927 0 0   0.6058780634357115  
15 23835  0.1109313516917121 0.03391511774783747 0  0.296705972839036 0 0   0.615214433586706  
15 23837  0.1103225558902378 0.03584597134749391 0  0.3141592653589794 0 0   0.3060526435927678  
15 23839  0.1096801547695207 0.03776590591703018 0  0.3316125578789227 0 0   0.2347206718742987  
15 23841  0.1090043440111654 0.03967433662577759 0  0.349065850398866 0 0   0.2955884047699204  
15 23190  0.1082953294736754 0.04157068214725484 0  0.3665191429188093 0 0   0.436931998354258  
15 23192  0.1075533271297473 0.04345436483624582 0  0.3839724354387526 0 0   0.4445639959996705  
15 23846  0.1067785630004831 0.04532481090475577 0  0.401425727958696 0 0   0.4477116434241316  
15 23848  0.1059712730865417 0.04718145059679284 0  0.4188790204786393 0 0   0.4543259294110364  
15 23197  0.1051317032962514 0.04902371836192115 0  0.4363323129985826 0 0   0.2963120887979218  
15 23852  0.1042601093707034 0.050851053027533 0  0.4537856055185259 0 0   0.1745542567275876  
15 23854  0.1033567568058507 0.05266289796978746 0  0.4712388980384692 0 0   0.1658984228231501  
15 23856  0.1024219207716355 0.05445870128316336 0  0.4886921905584126 0 0   0.2793741309206645  
15 23204  0.1014558860281699 0.05623791594857512 0  0.5061454830783558 0 0   0.2755046619217949  
15 23206  0.1004589468389949 0.05800000000000003 0  0.5235987755982991 0 0   0.2765269984645726  
15 23208  0.09943140688144501 0.05974441668956632 0  0.5410520681182425 0 0   0.2753752840300505  
15 23863  0.09837357915414541 0.06147063465105181 0  0.5585053606381858 0 0   0.2724378447057602  
15 23865  0.09728578588166917 0.06317812806174318 0  0.5759586531581291 0 0   0.1088526412341297  
15 23213  0.09616835841638482 0.06486637680260667 0  0.5934119456780724 0 0   0.04634012074408603  
15 23869  0.09502163713752303 0.06653486661672138 0  0.6108652381980157 0 0   0.01621218016666063  
15 23871  0.09384597134749388 0.06818308926592692 0  0.6283185307179591 0 0   0.003598834881158123  
15 23218  0.09264171916548594 0.06981054268563765 0  0.6457718232379024 0 0   -0.001886363601851812  
15 23220  0.09140924741837972 0.0714167311377764 0  0.6632251157578457 0 0   -0.006886609671221409  
15 23222  0.09014893152900859 0.0730011653617812 0  0.680678408277789 0 0   -0.007670298549928845  
15 23878  0.08886115540180141 0.07456336272363862 0  0.6981317007977323 0 0   -0.007709124923023521  
15 23880  0.08754631130584152 0.07610284736289889 0  0.7155849933176757 0 0   -0.02184891089571316  
15 23882  0.0862047997553777 0.0776191503376276 0  0.733038285837619 0 0   -0.04350210951157468  
15 23229  0.08483702938782374 0.07911180976724988 0  0.7504915783575623 0 0   -0.0784485412246677  
15 23231  0.0834434168392835 0.08058037097324373 0  0.7679448708775056 0 0   -0.08206237174662417  
15 23887  0.08202438661763947 0.08202438661763957 0  0.7853981633974489 0 0   -0.08589493060569894  
15 23234  0.08058037097324364 0.08344341683928359 0  0.8028514559173923 0 0   -0.09416150662643763  
15 23236  0.07911180976724977 0.08483702938782382 0  0.8203047484373356 0 0   -0.1048883168696703  
15 23893  0.07761915033762749 0.08620479975537779 0  0.8377580409572789 0 0   -0.0705342392915158  
15 23895  0.07610284736289878 0.0875463113058416 0  0.8552113334772222 0 0   -0.0570813751715624  
15 23897  0.07456336272363849 0.08886115540180152 0  0.8726646259971655 0 0   -0.06701439347788711  
15 23243  0.07300116536178107 0.09014893152900869 0  0.8901179185171089 0 0   -0.1098774184304572  
15 23245  0.07141673113777629 0.09140924741837982 0  0.9075712110370522 0 0   -0.1482460132854142  
15 23247  0.06981054268563752 0.09264171916548604 0  0.9250245035569955 0 0   -0.211841200850276  
15 23904  0.06818308926592681 0.09384597134749396 0  0.9424777960769388 0 0   -0.3040226019597699  
15 23906  0.06653486661672127 0.09502163713752311 0  0.9599310885968821 0 0   -0.2815773988860482  
15 23252  0.06486637680260655 0.09616835841638489 0  0.9773843811168255 0 0   -0.3008835412228799  
15 23910  0.06317812806174306 0.09728578588166925 0  0.9948376736367688 0 0   -0.4703494026816019  
15 23912  0.06147063465105168 0.09837357915414548 0  1.012290966156712 0 0   -0.975214710964571  
15 23257  0.0597444166895662 0.09943140688144508 0  1.029744258676655 0 0   -0.9988339164607208  
15 23259  0.0579999999999999 0.100458946838995 0  1.047197551196599 0 0   -1.00115204314262  
15 23261  0.05623791594857499 0.10145588602817 0  1.064650843716542 0 0   -0.9968139749363086  
15 23919  0.05445870128316323 0.1024219207716356 0  1.082104136236485 0 0   -1.01319198949074  
15 23921  0.05266289796978732 0.1033567568058507 0  1.099557428756429 0 0   -0.5168759733900135  
15 23923  0.05085105302753287 0.1042601093707034 0  1.117010721276372 0 0   -0.4177683990834785  
15 23268  0.04902371836192102 0.1051317032962514 0  1.134464013796315 0 0   -0.5913946281353429  
15 23927  0.04718145059679271 0.1059712730865418 0  1.151917306316259 0 0   -0.8615085125457917  
15 23929  0.04532481090475563 0.1067785630004831 0  1.169370598836202 0 0   -0.8506288537745569  
15 23273  0.04345436483624567 0.1075533271297474 0  1.186823891356145 0 0   -0.8448778145062592  
15 23275  0.04157068214725471 0.1082953294736755 0  1.204277183876089 0 0   -0.8291011904675623  
15 23934  0.03967433662577743 0.1090043440111654 0  1.221730476396032 0 0   -0.5403368695908743  
15 23936  0.03776590591703004 0.1096801547695208 0  1.239183768915975 0 0   -0.3623106288525209  
15 23938  0.03584597134749377 0.1103225558902379 0  1.256637061435919 0 0   -0.3875455281792937  
15 23940  0.03391511774783732 0.1109313516917122 0  1.274090353955862 0 0   -0.7096850747115016  
15 23284  0.03197393327477176 0.111506356728845 0  1.291543646475805 0 0   -0.707915064229809  
15 23286  0.03002300923189226 0.112047395849532 0  1.308996938995749 0 0   -0.7728629296140982  
15 23945  0.02806293988956131 0.1125543042480156 0  1.326450231515692 0 0   -0.8469800476053173  
15 23947  0.02609432230388819 0.1130269275150873 0  1.343903524035635 0 0   -0.9675507943592193  
15 23949  0.02411775613485992 0.1134651216851215 0  1.361356816555578 0 0   -0.5402505363604909  
15 23951  0.02213384346367903 0.1138687532799291 0  1.378810109075522 0 0   -0.4526782841785457  
15 23953  0.02014318860936375 0.1142376993494162 0  1.396263401595465 0 0   -0.5990745934689877  
15 23955  0.01814639794466661 0.114571847509036 0  1.413716694115408 0 0   -0.9334919358070062  
15 23298  0.01614407971136742 0.1148710959740222 0  1.431169986635352 0 0   -0.9203095722456681  
15 23300  0.01413684383499693 0.1151353535903934 0  1.448623279155295 0 0   -0.925651023041338  
15 23302  0.01212530173904762 0.1153645398627197 0  1.466076571675238 0 0   -0.899610843772636  
15 23962  0.01011006615872816 0.1155585849786425 0  1.483529864195182 0 0   -0.5971350138992393  
15 23964  0.008091750954318347 0.1157174298301396 0  1.500983156715125 0 0   -0.4120746996501533  
15 23966  0.006070970924181294 0.1158410260315306 0  1.518436449235068 0 0   -0.4533396848682255  
15 23309  0.00404834161748992 0.1159293359342151 0  1.535889741755012 0 0   -0.7569868295903122  
15 23311  0.002024479146724691 0.1159823326381414 0  1.553343034274955 0 0   -0.829420395782025  
15 23972  -1.989544419353744e-16 0.116 0  1.570796326794898 0 0   -0.837291278660071  
15 23314  -0.00202447914672509 0.1159823326381414 0  1.588249619314842 0 0   -0.8294993220560402  
15 23316  -0.004048341617490317 0.1159293359342151 0  1.605702911834785 0 0   -0.7540775948584038  
15 23977  -0.006070970924181692 0.1158410260315306 0  1.623156204354728 0 0   -0.4320753606903301  
15 23979  -0.008091750954318746 0.1157174298301396 0  1.640609496874672 0 0   -0.3575368871045839  
15 23981  -0.01011006615872856 0.1155585849786425 0  1.658062789394615 0 0   -0.4813655705056837  
15 23323  -0.01212530173904802 0.1153645398627197 0  1.675516081914558 0 0   -0.7151135212700398  
15 23325  -0.01413684383499733 0.1151353535903933 0  1.692969374434502 0 0   -0.7375505372687085  
15 23327  -0.01614407971136781 0.1148710959740221 0  1.710422666954445 0 0   -0.7372226231308311  
15 23988  -0.018146397944667 0.1145718475090359 0  1.727875959474388 0 0   -0.752570428134517  
15 23990  -0.02014318860936415 0.1142376993494161 0  1.745329251994332 0 0   -0.4713168493499655  
15 23992  -0.02213384346367942 0.113868753279929 0  1.762782544514275 0 0   -0.3166161018974943  
15 23994  -0.02411775613486031 0.1134651216851214 0  1.780235837034218 0 0   -0.3376276899566756  
15 23996  -0.02609432230388857 0.1130269275150872 0  1.797689129554161 0 0   -0.6139814625332468  
15 23998  -0.02806293988956169 0.1125543042480155 0  1.815142422074105 0 0   -0.6126335056723344  
15 23339  -0.03002300923189265 0.1120473958495319 0  1.832595714594048 0 0   -0.6074194246457976  
15 23341  -0.03197393327477215 0.1115063567288449 0  1.850049007113991 0 0   -0.6051271820384845  
15 24003  -0.0339151177478377 0.110931351691712 0  1.867502299633935 0 0   -0.6144532983755333  
15 24005  -0.03584597134749413 0.1103225558902377 0  1.884955592153878 0 0   -0.30569657608418  
15 24007  -0.03776590591703041 0.1096801547695207 0  1.902408884673821 0 0   -0.2344878422672056  
15 24009  -0.03967433662577782 0.1090043440111653 0  1.919862177193765 0 0   -0.2953452891420939  
15 23350  -0.04157068214725507 0.1082953294736753 0  1.937315469713708 0 0   -0.436591777182608  
15 23352  -0.04345436483624604 0.1075533271297472 0  1.954768762233651 0 0   -0.4442182006629252  
15 24014  -0.045324810904756 0.106778563000483 0  1.972222054753595 0 0   -0.4473641499667785  
15 24016  -0.04718145059679307 0.1059712730865416 0  1.989675347273538 0 0   -0.4539733781519304  
15 23357  -0.04902371836192135 0.1051317032962513 0  2.007128639793481 0 0   -0.2960754042790102  
15 24020  -0.05085105302753318 0.1042601093707033 0  2.024581932313424 0 0   -0.1743978316958703  
15 24022  -0.0526628979697876 0.1033567568058506 0  2.042035224833367 0 0   -0.165720880783411  
15 24024  -0.05445870128316348 0.1024219207716354 0  2.05948851735331 0 0   -0.2790404300688822  
15 23364  -0.05623791594857523 0.1014558860281699 0  2.076941809873253 0 0   -0.2751764377880873  
15 23366  -0.05800000000000012 0.1004589468389948 0  2.094395102393197 0 0   -0.2761967814239099  
15 23368  -0.05974441668956638 0.09943140688144497 0  2.11184839491314 0 0   -0.2750463034461996  
15 24031  -0.06147063465105185 0.09837357915414538 0  2.129301687433083 0 0   -0.272116199932756  
15 24033  -0.06317812806174319 0.09728578588166915 0  2.146754979953026 0 0   -0.1087042029417138  
15 23373  -0.06486637680260667 0.09616835841638482 0  2.164208272472969 0 0   -0.04617503272398727  
15 24037  -0.06653486661672135 0.09502163713752304 0  2.181661564992912 0 0   -0.01616457029570446  
15 24039  -0.06818308926592688 0.09384597134749391 0  2.199114857512855 0 0   -0.003518268971362282  
15 23378  -0.06981054268563758 0.092641719165486 0  2.216568150032798 0 0   0.00191913295590812  
15 23380  -0.07141673113777632 0.09140924741837979 0  2.234021442552741 0 0   0.006946742955952562  
15 23382  -0.07300116536178108 0.09014893152900869 0  2.251474735072684 0 0   0.007646305067789463  
15 24046  -0.07456336272363849 0.08886115540180152 0  2.268928027592628 0 0   0.007724871872027991  
15 24048  -0.07610284736289875 0.08754631130584163 0  2.286381320112571 0 0   0.02182142533730876  
15 24050  -0.07761915033762744 0.08620479975537784 0  2.303834612632514 0 0   0.04348419700972774  
15 23389  -0.07911180976724971 0.08483702938782389 0  2.321287905152457 0 0   0.07874336963751198  
15 23391  -0.08058037097324354 0.08344341683928368 0  2.3387411976724 0 0   0.08202361505833372  
15 24055  -0.08202438661763937 0.08202438661763967 0  2.356194490192343 0 0   0.08586763608432241  
15 23394  -0.08344341683928337 0.08058037097324387 0  2.373647782712286 0 0   0.09412037679608046  
15 23396  -0.0848370293878236 0.07911180976725002 0  2.391101075232229 0 0   0.1051454521713013  
15 24061  -0.08620479975537754 0.07761915033762777 0  2.408554367752172 0 0   0.07046517006749965  
15 24063  -0.08754631130584135 0.07610284736289907 0  2.426007660272115 0 0   0.05695389719592477  
15 24065  -0.08886115540180124 0.07456336272363881 0  2.443460952792059 0 0   0.0670443600611674  
15 23403  -0.09014893152900839 0.07300116536178143 0  2.460914245312002 0 0   0.1099401045195889  
15 23405  -0.09140924741837951 0.07141673113777666 0  2.478367537831945 0 0   0.1479847972212592  
15 23407  -0.09264171916548573 0.06981054268563792 0  2.495820830351888 0 0   0.2113092477480162  
15 24072  -0.09384597134749365 0.06818308926592724 0  2.513274122871831 0 0   0.3029059147889115  
15 24074  -0.09502163713752279 0.06653486661672171 0  2.530727415391774 0 0   0.2809966921769038  
15 23412  -0.09616835841638458 0.06486637680260703 0  2.548180707911717 0 0   0.2999322036457956  
15 24078  -0.09728578588166892 0.06317812806174355 0  2.56563400043166 0 0   0.4690113922281981  
15 24080  -0.09837357915414514 0.06147063465105221 0  2.583087292951603 0 0   0.9721614732071235  
15 23417  -0.09943140688144475 0.05974441668956675 0  2.600540585471546 0 0   0.9957603772301434  
15 23419  -0.1004589468389946 0.0580000000000005 0  2.61799387799149 0 0   0.998064246564727  
15 23421  -0.1014558860281696 0.05623791594857561 0  2.635447170511433 0 0   0.9937475726335043  
15 24087  -0.1024219207716352 0.05445870128316387 0  2.652900463031376 0 0   1.010062361574567  
15 24089  -0.1033567568058504 0.05266289796978799 0  2.670353755551319 0 0   0.5155384561780207  
15 24091  -0.1042601093707031 0.05085105302753357 0  2.687807048071262 0 0   0.417133197071168  
15 23428  -0.1051317032962511 0.04902371836192175 0  2.705260340591205 0 0   0.5910689253447321  
15 24095  -0.1059712730865414 0.04718145059679346 0  2.722713633111148 0 0   0.8612990974404242  
15 24097  -0.1067785630004828 0.04532481090475642 0  2.740166925631091 0 0   0.8503958822679912  
15 23433  -0.1075533271297471 0.04345436483624649 0  2.757620218151034 0 0   0.8446372346558464  
15 23435  -0.1082953294736751 0.04157068214725555 0  2.775073510670977 0 0   0.8289851496446444  
15 24102  -0.1090043440111651 0.03967433662577832 0  2.792526803190921 0 0   0.5402370556186333  
15 24104  -0.1096801547695205 0.03776590591703095 0  2.809980095710864 0 0   0.3629900837886796  
15 24106  -0.1103225558902376 0.0358459713474947 0  2.827433388230807 0 0   0.3888906420061463  
15 24108  -0.1109313516917119 0.03391511774783829 0  2.84488668075075 0 0   0.7137041229180013  
15 23444  -0.1115063567288447 0.03197393327477276 0  2.862339973270693 0 0   0.7184198858588863  
15 23446  -0.1120473958495317 0.03002300923189328 0  2.879793265790636 0 0   0.7624915808487693  
15 24113  -0.1125543042480154 0.02806293988956236 0  2.897246558310579 0 0   0.8428690041072094  
15 24115  -0.1130269275150871 0.02609432230388927 0  2.914699850830522 0 0   0.9676677436094583  
15 24117  -0.1134651216851213 0.02411775613486104 0  2.932153143350465 0 0   0.5436380672535841  
15 24119  -0.1138687532799288 0.02213384346368018 0  2.949606435870408 0 0   0.4534463227349566  
15 24121  -0.114237699349416 0.02014318860936493 0  2.967059728390351 0 0   0.6003185343242801  
15 24123  -0.1145718475090358 0.01814639794466781 0  2.984513020910295 0 0   0.9359522795030476  
15 23458  -0.114871095974022 0.01614407971136865 0  3.001966313430238 0 0   0.9230832821509241  
15 23460  -0.1151353535903932 0.01413684383499819 0  3.019419605950181 0 0   0.929262978057499  
15 23462  -0.1153645398627196 0.01212530173904891 0  3.036872898470124 0 0   0.9038629622576895  
15 24130  -0.1155585849786424 0.01011006615872948 0  3.054326190990067 0 0   0.6002096654064624  
15 24132  -0.1157174298301395 0.008091750954319691 0  3.07177948351001 0 0   0.4140977379910161  
15 24134  -0.1158410260315305 0.006070970924182665 0  3.089232776029953 0 0   0.4552340254945092  
15 23469  -0.1159293359342151 0.004048341617491317 0  3.106686068549896 0 0   0.7598500698490901  
15 23471  -0.1159823326381414 0.002024479146726115 0  3.124139361069839 0 0   0.8325285146194707  
15 24139  -0.116 1.250550263092684e-15 0  3.141592653589782 0 0   0.8403533893896917  
15 23474  -0.1159823326381414 -0.002024479146723614 0  3.159045946109726 0 0   0.8326081648702293  
15 23476  -0.1159293359342152 -0.004048341617488817 0  3.176499238629669 0 0   0.7568199085380095  
15 24145  -0.1158410260315307 -0.006070970924180167 0  3.193952531149612 0 0   0.4331175340165856  
15 24147  -0.1157174298301397 -0.008091750954317196 0  3.211405823669555 0 0   0.3573895951597691  
15 24149  -0.1155585849786426 -0.01011006615872699 0  3.228859116189498 0 0   0.4800017931691165  
15 23483  -0.1153645398627199 -0.01212530173904642 0  3.246312408709441 0 0   0.7127023055797165  
15 23485  -0.1151353535903935 -0.01413684383499571 0  3.263765701229384 0 0   0.7350302452683084  
15 23487  -0.1148710959740224 -0.01614407971136617 0  3.281218993749327 0 0   0.7347028506838439  
15 24156  -0.1145718475090362 -0.01814639794466534 0  3.29867228626927 0 0   0.7499937512472139  
15 24158  -0.1142376993494164 -0.02014318860936246 0  3.316125578789213 0 0   0.4697726602154397  
15 24160  -0.1138687532799293 -0.02213384346367772 0  3.333578871309157 0 0   0.3157930402742367  
15 24162  -0.1134651216851218 -0.02411775613485859 0  3.3510321638291 0 0   0.3370863169765637  
15 24164  -0.1130269275150876 -0.02609432230388683 0  3.368485456349043 0 0   0.6133480456258864  
15 24166  -0.112554304248016 -0.02806293988955993 0  3.385938748868986 0 0   0.6119948172044167  
15 23499  -0.1120473958495323 -0.03002300923189087 0  3.403392041388929 0 0   0.6067822693587158  
15 23501  -0.1115063567288454 -0.03197393327477036 0  3.420845333908872 0 0   0.6044882870097589  
15 24171  -0.1109313516917126 -0.0339151177478359 0  3.438298626428815 0 0   0.6138030982294364  
15 24173  -0.1103225558902383 -0.03584597134749232 0  3.455751918948758 0 0   0.3053662532861955  
15 24175  -0.1096801547695213 -0.03776590591702858 0  3.473205211468701 0 0   0.2342226729709483  
15 24177  -0.109004344011166 -0.03967433662577597 0  3.490658503988644 0 0   0.2949966421883105  
15 23510  -0.108295329473676 -0.04157068214725321 0  3.508111796508588 0 0   0.4360704287890106  
15 23512  -0.107553327129748 -0.04345436483624417 0  3.525565089028531 0 0   0.4436882123158841  
15 24182  -0.1067785630004838 -0.04532481090475412 0  3.543018381548474 0 0   0.4468298459337642  
15 24184  -0.1059712730865424 -0.04718145059679118 0  3.560471674068417 0 0   0.4534311898500999  
15 23517  -0.1051317032962522 -0.04902371836191948 0  3.57792496658836 0 0   0.2957174586509945  
15 24188  -0.1042601093707042 -0.05085105302753132 0  3.595378259108303 0 0   0.1741769289897986  
15 24190  -0.1033567568058515 -0.05266289796978577 0  3.612831551628246 0 0   0.1654936077661272  
15 24192  -0.1024219207716364 -0.05445870128316166 0  3.630284844148189 0 0   0.27863683398339  
15 23524  -0.1014558860281708 -0.05623791594857342 0  3.647738136668132 0 0   0.2747781208420952  
15 23526  -0.1004589468389959 -0.05799999999999832 0  3.665191429188075 0 0   0.2757978500109016  
15 23528  -0.09943140688144604 -0.05974441668956461 0  3.682644721708018 0 0   0.2746476242274894  
15 24199  -0.09837357915414648 -0.0614706346510501 0  3.700098014227962 0 0   0.2717257629683587  
15 24201  -0.09728578588167029 -0.06317812806174146 0  3.717551306747905 0 0   0.1085233791444567  
15 23533  -0.09616835841638598 -0.06486637680260496 0  3.735004599267848 0 0   0.04606167482927817  
15 24205  -0.09502163713752422 -0.06653486661671967 0  3.752457891787791 0 0   0.01605811758162369  
15 24207  -0.09384597134749513 -0.0681830892659252 0  3.769911184307734 0 0   0.003392898736699417  
15 23538  -0.09264171916548723 -0.06981054268563593 0  3.787364476827677 0 0   -0.002019748767452773  
15 23540  -0.09140924741838106 -0.07141673113777469 0  3.80481776934762 0 0   -0.007035268959274619  
15 23542  -0.09014893152900998 -0.07300116536177947 0  3.822271061867563 0 0   -0.00773180720859387  
15 24214  -0.08886115540180284 -0.07456336272363691 0  3.839724354387506 0 0   -0.007788067583221051  
15 24216  -0.08754631130584301 -0.0761028473628972 0  3.857177646907449 0 0   -0.0218740542580444  
15 24218  -0.08620479975537922 -0.07761915033762591 0  3.874630939427393 0 0   -0.04354766756214234  
15 23549  -0.08483702938782531 -0.07911180976724819 0  3.892084231947336 0 0   -0.07884646394189429  
15 23551  -0.08344341683928512 -0.08058037097324207 0  3.909537524467279 0 0   -0.08215553729091502  
15 24223  -0.08202438661764114 -0.0820243866176379 0  3.926990816987222 0 0   -0.08595784854522456  
15 22914  -0.08058037097324534 -0.08344341683928193 0  3.944444109507165 0 0   -0.09395573620436425  
15 22916  -0.07911180976725155 -0.0848370293878222 0  3.961897402027108 0 0   -0.1053377126882105  
15 23557  -0.07761915033762931 -0.08620479975537616 0  3.979350694547051 0 0   -0.07053389812733529  
15 23559  -0.07610284736290064 -0.08754631130583999 0  3.996803987066994 0 0   -0.05707670874569976  
15 23561  -0.07456336272364039 -0.08886115540179991 0  4.014257279586937 0 0   -0.06712218179084148  
15 22923  -0.07300116536178304 -0.09014893152900709 0  4.03171057210688 0 0   -0.1102015966582989  
15 22925  -0.0714167311377783 -0.09140924741837825 0  4.049163864626824 0 0   -0.1482355574848998  
15 22927  -0.06981054268563958 -0.0926417191654845 0  4.066617157146767 0 0   -0.2119161021930838  
15 23568  -0.06818308926592889 -0.09384597134749244 0  4.08407044966671 0 0   -0.3042688298692546  
15 23570  -0.06653486661672341 -0.09502163713752161 0  4.101523742186653 0 0   -0.2816854719212204  
15 22932  -0.06486637680260875 -0.09616835841638342 0  4.118977034706596 0 0   -0.300661310127091  
15 23574  -0.06317812806174529 -0.09728578588166781 0  4.136430327226539 0 0   -0.4695617846619508  
15 23576  -0.06147063465105397 -0.09837357915414405 0  4.153883619746482 0 0   -0.9729593532206686  
15 22937  -0.05974441668956853 -0.09943140688144368 0  4.171336912266425 0 0   -0.9965783322383418  
15 22939  -0.05800000000000229 -0.1004589468389936 0  4.188790204786368 0 0   -0.9988873621770723  
15 22941  -0.05623791594857742 -0.1014558860281686 0  4.206243497306311 0 0   -0.9945471934804155  
15 23583  -0.05445870128316569 -0.1024219207716343 0  4.223696789826255 0 0   -1.010900973313223  
15 23585  -0.05266289796978983 -0.1033567568058495 0  4.241150082346198 0 0   -0.5158762323527931  
15 23587  -0.05085105302753543 -0.1042601093707022 0  4.258603374866141 0 0   -0.4172368105347687  
15 22948  -0.04902371836192362 -0.1051317032962502 0  4.276056667386084 0 0   -0.5910087117722418  
15 23591  -0.04718145059679536 -0.1059712730865406 0  4.293509959906027 0 0   -0.8611134159349076  
15 23593  -0.04532481090475833 -0.106778563000482 0  4.31096325242597 0 0   -0.8502134262457464  
15 22953  -0.04345436483624841 -0.1075533271297463 0  4.328416544945913 0 0   -0.8444683532914916  
15 22955  -0.04157068214725748 -0.1082953294736744 0  4.345869837465856 0 0   -0.8288341195470189  
15 23598  -0.03967433662578027 -0.1090043440111644 0  4.363323129985799 0 0   -0.5400449305148188  
15 23600  -0.0377659059170329 -0.1096801547695198 0  4.380776422505742 0 0   -0.3624406598339791  
15 23602  -0.03584597134749667 -0.1103225558902369 0  4.398229715025685 0 0   -0.3876777494535514  
15 23604  -0.03391511774784026 -0.1109313516917113 0  4.415683007545629 0 0   -0.7111177476774136  
15 22964  -0.03197393327477475 -0.1115063567288442 0  4.433136300065572 0 0   -0.7158293249691934  
15 22966  -0.03002300923189528 -0.1120473958495312 0  4.450589592585515 0 0   -0.7600922440734993  
15 23609  -0.02806293988956437 -0.1125543042480149 0  4.468042885105458 0 0   -0.8404109081926101  
15 23611  -0.02609432230389128 -0.1130269275150866 0  4.485496177625401 0 0   -0.9649894036120277  
15 23613  -0.02411775613486306 -0.1134651216851208 0  4.502949470145344 0 0   -0.5419712227400378  
15 23615  -0.02213384346368221 -0.1138687532799284 0  4.520402762665287 0 0   -0.4518150885623231  
15 23617  -0.02014318860936696 -0.1142376993494156 0  4.53785605518523 0 0   -0.5979365202477845  
15 23619  -0.01814639794466986 -0.1145718475090355 0  4.555309347705173 0 0   -0.9321296177134399  
15 22978  -0.01614407971137069 -0.1148710959740217 0  4.572762640225116 0 0   -0.9192920494339744  
15 22980  -0.01413684383500024 -0.115135353590393 0  4.59021593274506 0 0   -0.9253941566497952  
15 22982  -0.01212530173905097 -0.1153645398627194 0  4.607669225265003 0 0   -0.9000535291351874  
15 23626  -0.01011006615873154 -0.1155585849786422 0  4.625122517784946 0 0   -0.5976706107099202  
15 23628  -0.008091750954321754 -0.1157174298301394 0  4.642575810304889 0 0   -0.4124032755515004  
15 23630  -0.00607097092418473 -0.1158410260315304 0  4.660029102824832 0 0   -0.453482575488914  
15 22989  -0.004048341617493383 -0.115929335934215 0  4.677482395344775 0 0   -0.7570224272521963  
15 22991  -0.002024479146728182 -0.1159823326381413 0  4.694935687864718 0 0   -0.8294409915865339  
15 23635  -3.318227148232029e-15 -0.116 0  4.712388980384661 0 0   -0.8372362781691547  
15 22994  0.002024479146721547 -0.1159823326381414 0  4.729842272904604 0 0   -0.8295212406963021  
15 22996  0.004048341617486751 -0.1159293359342152 0  4.747295565424547 0 0   -0.7540640381524737  
15 23641  0.006070970924178102 -0.1158410260315307 0  4.764748857944491 0 0   -0.4318523927544287  
15 23643  0.008091750954315134 -0.1157174298301399 0  4.782202150464434 0 0   -0.3569424355124197  
15 23645  0.01011006615872493 -0.1155585849786428 0  4.799655442984377 0 0   -0.4800924251122389  
15 23003  0.01212530173904437 -0.1153645398627201 0  4.81710873550432 0 0   -0.7130658629106453  
15 23005  0.01413684383499366 -0.1151353535903938 0  4.834562028024263 0 0   -0.7354248426721086  
15 23007  0.01614407971136412 -0.1148710959740226 0  4.852015320544206 0 0   -0.7350977567632148  
15 23652  0.0181463979446633 -0.1145718475090365 0  4.869468613064149 0 0   -0.7503945031816321  
15 23654  0.02014318860936043 -0.1142376993494168 0  4.886921905584092 0 0   -0.4700718894472908  
15 23656  0.0221338434636757 -0.1138687532799297 0  4.904375198104035 0 0   -0.3161412600887062  
15 23658  0.02411775613485657 -0.1134651216851222 0  4.921828490623978 0 0   -0.3376881382900405  
15 23660  0.02609432230388482 -0.1130269275150881 0  4.939281783143922 0 0   -0.6146863066934433  
15 23662  0.02806293988955793 -0.1125543042480165 0  4.956735075663865 0 0   -0.6133305670057594  
15 23019  0.03002300923188887 -0.1120473958495329 0  4.974188368183808 0 0   -0.6081085006773146  
15 23021  0.03197393327476836 -0.111506356728846 0  4.991641660703751 0 0   -0.605813687786359  
15 23667  0.03391511774783391 -0.1109313516917132 0  5.009094953223694 0 0   -0.6151485709092933  
15 23669  0.03584597134749035 -0.110322555890239 0  5.026548245743637 0 0   -0.30610482649811  
15 23671  0.03776590591702662 -0.109680154769522 0  5.04400153826358 0 0   -0.2349114828799646  
15 23673  0.03967433662577403 -0.1090043440111667 0  5.061454830783523 0 0   -0.2960172718768644  
15 23030  0.04157068214725129 -0.1082953294736768 0  5.078908123303466 0 0   -0.4376359390242073  
15 23032  0.04345436483624225 -0.1075533271297488 0  5.096361415823409 0 0   -0.4452830806626795  
15 23678  0.04532481090475222 -0.1067785630004846 0  5.113814708343352 0 0   -0.4484362811019583  
15 23680  0.04718145059678929 -0.1059712730865433 0  5.131268000863296 0 0   -0.4550611369231203  
15 23037  0.04902371836191761 -0.105131703296253 0  5.148721293383239 0 0   -0.2968118108124012  
15 23684  0.05085105302752947 -0.1042601093707051 0  5.166174585903182 0 0   -0.1748955184552231  
15 23686  0.05266289796978392 -0.1033567568058525 0  5.183627878423125 0 0   -0.1663045966877089  
15 23688  0.05445870128315983 -0.1024219207716374 0  5.201081170943068 0 0   -0.2801558579038648  
15 23044  0.05623791594857161 -0.1014558860281718 0  5.218534463463011 0 0   -0.2762741603606725  
15 23046  0.05799999999999653 -0.1004589468389969 0  5.235987755982954 0 0   -0.2772998532919008  
15 23048  0.05974441668956283 -0.09943140688144711 0  5.253441048502897 0 0   -0.2761457067061831  
15 23695  0.06147063465104834 -0.09837357915414757 0  5.27089434102284 0 0   -0.273194290846574  
15 23697  0.06317812806173974 -0.09728578588167142 0  5.288347633542783 0 0   -0.1091919707938605  
15 23053  0.06486637680260324 -0.09616835841638714 0  5.305800926062727 0 0   -0.04653233105553249  
15 23701  0.06653486661671797 -0.09502163713752543 0  5.32325421858267 0 0   -0.01637253483647781  
15 23703  0.06818308926592354 -0.09384597134749634 0  5.340707511102613 0 0   -0.003743245365193958  
15 23058  0.06981054268563427 -0.09264171916548848 0  5.358160803622556 0 0   0.001785703170487877  
15 23060  0.07141673113777305 -0.09140924741838233 0  5.375614096142499 0 0   0.006790603675929235  
15 23062  0.07300116536177786 -0.09014893152901128 0  5.393067388662442 0 0   0.007678666630488657  
15 23710  0.07456336272363533 -0.08886115540180418 0  5.410520681182385 0 0   0.007696390248561119  
15 23712  0.07610284736289563 -0.08754631130584435 0  5.427973973702328 0 0   0.02180110715193512  
15 23714  0.07761915033762438 -0.08620479975538059 0  5.445427266222271 0 0   0.04347487090463411  
15 23069  0.07911180976724669 -0.08483702938782671 0  5.462880558742214 0 0   0.07867172308900436  
15 23071  0.08058037097324057 -0.08344341683928655 0  5.480333851262158 0 0   0.08219074426687392  
15 23719  0.08202438661763645 -0.08202438661764259 0  5.497787143782101 0 0   0.0858312205901148  
15 23074  0.0834434168392805 -0.08058037097324684 0  5.515240436302044 0 0   0.09420667376818209  
15 23076  0.08483702938782078 -0.07911180976725304 0  5.532693728821987 0 0   0.104959522785402  
15 23725  0.08620479975537478 -0.07761915033763084 0  5.55014702134193 0 0   0.07056378378739678  
15 23727  0.08754631130583863 -0.07610284736290221 0  5.567600313861873 0 0   0.05707029134087174  
15 23729  0.08886115540179858 -0.07456336272364199 0  5.585053606381816 0 0   0.06716162145729312  
15 23083  0.0901489315290058 -0.07300116536178464 0  5.602506898901759 0 0   0.1100959153425333  
15 23085  0.09140924741837697 -0.07141673113777992 0  5.619960191421702 0 0   0.1485672709740224  
15 23087  0.09264171916548325 -0.06981054268564123 0  5.637413483941645 0 0   0.2120185479514117  
15 23736  0.09384597134749123 -0.06818308926593057 0  5.654866776461589 0 0   0.3040105051276027  
15 23738  0.09502163713752043 -0.0665348666167251 0  5.672320068981532 0 0   0.2815732998127935  
15 23092  0.09616835841638227 -0.06486637680261045 0  5.689773361501475 0 0   0.3009138324051956  
15 23742  0.09728578588166667 -0.06317812806174702 0  5.707226654021418 0 0   0.4698024802804877  
15 23744  0.09837357915414295 -0.06147063465105573 0  5.724679946541361 0 0   0.9735142808456088  
15 23097  0.09943140688144263 -0.05974441668957031 0  5.742133239061304 0 0   0.9971799928227861  
15 23099  0.1004589468389925 -0.05800000000000407 0  5.759586531581247 0 0   0.9994956391521497  
15 23101  0.1014558860281676 -0.05623791594857923 0  5.77703982410119 0 0   0.9951444724109573  
15 23751  0.1024219207716333 -0.05445870128316752 0  5.794493116621133 0 0   1.011458490160247  
15 23753  0.1033567568058485 -0.05266289796979168 0  5.811946409141076 0 0   0.5161763898271201  
15 23755  0.1042601093707013 -0.05085105302753729 0  5.82939970166102 0 0   0.4174362522933009  
15 23108  0.1051317032962494 -0.0490237183619255 0  5.846852994180963 0 0   0.591237614965036  
15 23759  0.1059712730865398 -0.04718145059679724 0  5.864306286700906 0 0   0.8614200302038992  
15 23761  0.1067785630004812 -0.04532481090476023 0  5.881759579220849 0 0   0.85053281242107  
15 23113  0.1075533271297455 -0.04345436483625032 0  5.899212871740792 0 0   0.8447790523725381  
15 23115  0.1082953294736737 -0.04157068214725941 0  5.916666164260735 0 0   0.8290034155679235  
15 23766  0.1090043440111637 -0.0396743366257822 0  5.934119456780678 0 0   0.5403038859318999  
15 23768  0.1096801547695191 -0.03776590591703485 0  5.951572749300621 0 0   0.3624025432051245  
15 23770  0.1103225558902363 -0.03584597134749863 0  5.969026041820564 0 0   0.387810257843805  
15 23772  0.1109313516917107 -0.03391511774784224 0  5.986479334340507 0 0   0.7104963243556737  
15 23124  0.1115063567288436 -0.03197393327477673 0  6.00393262686045 0 0   0.7121242934656407  
15 23126  0.1120473958495306 -0.03002300923189728 0  6.021385919380394 0 0   0.7728407011758422  
15 23777  0.1125543042480144 -0.02806293988956637 0  6.038839211900337 0 0   0.8469219696872947  
15 23779  0.1130269275150862 -0.0260943223038933 0  6.05629250442028 0 0   0.9673280066529849  
15 23781  0.1134651216851204 -0.02411775613486508 0  6.073745796940223 0 0   0.5400586050192057  
15 23783  0.113868753279928 -0.02213384346368424 0  6.091199089460166 0 0   0.452522610697006  
15 23785  0.1142376993494152 -0.020143188609369 0  6.108652381980109 0 0   0.5989417268429924  
15 23787  0.1145718475090352 -0.0181463979446719 0  6.126105674500052 0 0   0.9333072993901899  
15 23138  0.1148710959740214 -0.01614407971137274 0  6.143558967019995 0 0   0.9201168306556854  
15 23140  0.1151353535903927 -0.01413684383500229 0  6.161012259539938 0 0   0.9254464664088555  
15 23142  0.1153645398627192 -0.01212530173905302 0  6.178465552059881 0 0   0.8994008759800274  
15 23794  0.115558584978642 -0.0101100661587336 0  6.195918844579825 0 0   0.5969759533799165  
15 23796  0.1157174298301392 -0.008091750954323816 0  6.213372137099768 0 0   0.4119152351914603  
15 23798  0.1158410260315303 -0.006070970924186794 0  6.230825429619711 0 0   0.4530898290387253  
15 23149  0.1159293359342149 -0.00404834161749545 0  6.248278722139654 0 0   0.7565076869146016  
15 23151  0.1159823326381413 -0.00202447914673025 0  6.265732014659597 0 0   0.8288885137038373  
15 23803  0.116 -5.385904033371374e-15 0  6.28318530717954 0 0   0.8366779105144756  
