15 23783  0.116 0 0  0 0 0   0.9022925059431616  
15 23134  0.1159823326381414 0.002024479146724887 0  0.0174532925199433 0 0   0.8938920864766087  
15 23136  0.1159293359342151 0.004048341617490112 0  0.03490658503988659 0 0   0.8143870399135782  
15 23789  0.1158410260315306 0.006070970924181485 0  0.05235987755982989 0 0   0.4784215638774298  
15 23791  0.1157174298301396 0.008091750954318536 0  0.06981317007977318 0 0   0.4181248634215797  
15 23793  0.1155585849786425 0.01011006615872835 0  0.08726646259971647 0 0   0.5884487819697499  
15 23143  0.1153645398627197 0.0121253017390478 0  0.1047197551196598 0 0   0.8817852707788506  
15 23145  0.1151353535903934 0.01413684383499711 0  0.1221730476396031 0 0   0.9080108292751222  
15 23147  0.1148710959740222 0.01614407971136759 0  0.1396263401595464 0 0   0.9043609651878969  
15 23800  0.114571847509036 0.01814639794466678 0  0.1570796326794897 0 0   0.9194284601089057  
15 23802  0.1142376993494161 0.02014318860936392 0  0.1745329251994329 0 0   0.5848930994916257  
15 23804  0.113868753279929 0.0221338434636792 0  0.1919862177193762 0 0   0.4245666933396544  
15 23806  0.1134651216851215 0.02411775613486008 0  0.2094395102393195 0 0   0.4934254393454163  
15 23808  0.1130269275150873 0.02609432230388834 0  0.2268928027592628 0 0   0.9025040943795475  
15 23810  0.1125543042480156 0.02806293988956145 0  0.2443460952792061 0 0   0.8389956083273385  
15 23159  0.1120473958495319 0.03002300923189241 0  0.2617993877991494 0 0   0.7961788718312475  
15 23161  0.111506356728845 0.0319739332747719 0  0.2792526803190927 0 0   0.7751092540486281  
15 23815  0.1109313516917121 0.03391511774783747 0  0.296705972839036 0 0   0.7791191964312408  
15 23817  0.1103225558902378 0.03584597134749391 0  0.3141592653589794 0 0   0.4132936751688077  
15 23819  0.1096801547695207 0.03776590591703018 0  0.3316125578789227 0 0   0.3646938791597449  
15 23821  0.1090043440111654 0.03967433662577759 0  0.349065850398866 0 0   0.5196740223674345  
15 23170  0.1082953294736754 0.04157068214725484 0  0.3665191429188093 0 0   0.7902969231189356  
15 23172  0.1075533271297473 0.04345436483624582 0  0.3839724354387526 0 0   0.8051435615270479  
15 23826  0.1067785630004831 0.04532481090475577 0  0.401425727958696 0 0   0.8107947111012449  
15 23828  0.1059712730865417 0.04718145059679284 0  0.4188790204786393 0 0   0.8217619445418294  
15 23177  0.1051317032962514 0.04902371836192115 0  0.4363323129985826 0 0   0.5568262211728116  
15 23832  0.1042601093707034 0.050851053027533 0  0.4537856055185259 0 0   0.3770394997789467  
15 23834  0.1033567568058507 0.05266289796978746 0  0.4712388980384692 0 0   0.4432106190348712  
15 23836  0.1024219207716355 0.05445870128316336 0  0.4886921905584126 0 0   0.8477242910583649  
15 23184  0.1014558860281699 0.05623791594857512 0  0.5061454830783558 0 0   0.8344265075847478  
15 23186  0.1004589468389949 0.05800000000000003 0  0.5235987755982991 0 0   0.8379815770502821  
15 23188  0.09943140688144501 0.05974441668956632 0  0.5410520681182425 0 0   0.8356343793022267  
15 23843  0.09837357915414541 0.06147063465105181 0  0.5585053606381858 0 0   0.8188492533332825  
15 23845  0.09728578588166917 0.06317812806174318 0  0.5759586531581291 0 0   0.3763191686304754  
15 23193  0.09616835841638482 0.06486637680260667 0  0.5934119456780724 0 0   0.2219632410904101  
15 23849  0.09502163713752303 0.06653486661672138 0  0.6108652381980157 0 0   0.1857838784818304  
15 23851  0.09384597134749388 0.06818308926592692 0  0.6283185307179591 0 0   0.1900605821926262  
15 23198  0.09264171916548594 0.06981054268563765 0  0.6457718232379024 0 0   0.1298601933318375  
15 23200  0.09140924741837972 0.0714167311377764 0  0.6632251157578457 0 0   0.0873398346113432  
15 23202  0.09014893152900859 0.0730011653617812 0  0.680678408277789 0 0   0.06296374883757992  
15 23858  0.08886115540180141 0.07456336272363862 0  0.6981317007977323 0 0   0.03647815591070597  
15 23860  0.08754631130584152 0.07610284736289889 0  0.7155849933176757 0 0   0.02155420040833884  
15 23862  0.0862047997553777 0.0776191503376276 0  0.733038285837619 0 0   0.01651350225869237  
15 23209  0.08483702938782374 0.07911180976724988 0  0.7504915783575623 0 0   0.01613551927729347  
15 23211  0.0834434168392835 0.08058037097324373 0  0.7679448708775056 0 0   0.007355192296714727  
15 23867  0.08202438661763947 0.08202438661763957 0  0.7853981633974489 0 0   0.002543405055371441  
15 23214  0.08058037097324364 0.08344341683928359 0  0.8028514559173923 0 0   -0.007382956797294246  
15 23216  0.07911180976724977 0.08483702938782382 0  0.8203047484373356 0 0   -0.01622881555095593  
15 23873  0.07761915033762749 0.08620479975537779 0  0.8377580409572789 0 0   -0.01654929921555067  
15 23875  0.07610284736289878 0.0875463113058416 0  0.8552113334772222 0 0   -0.02162966074416087  
15 23877  0.07456336272363849 0.08886115540180152 0  0.8726646259971655 0 0   -0.03647709411594934  
15 23223  0.07300116536178107 0.09014893152900869 0  0.8901179185171089 0 0   -0.06300560131405528  
15 23225  0.07141673113777629 0.09140924741837982 0  0.9075712110370522 0 0   -0.08741004415365861  
15 23227  0.06981054268563752 0.09264171916548604 0  0.9250245035569955 0 0   -0.13019997305947  
15 23884  0.06818308926592681 0.09384597134749396 0  0.9424777960769388 0 0   -0.1907764987412221  
15 23886  0.06653486661672127 0.09502163713752311 0  0.9599310885968821 0 0   -0.1864405375476625  
15 23232  0.06486637680260655 0.09616835841638489 0  0.9773843811168255 0 0   -0.2224105340383789  
15 23890  0.06317812806174306 0.09728578588166925 0  0.9948376736367688 0 0   -0.377140415796993  
15 23892  0.06147063465105168 0.09837357915414548 0  1.012290966156712 0 0   -0.820479437721251  
15 23237  0.0597444166895662 0.09943140688144508 0  1.029744258676655 0 0   -0.8372793679209779  
15 23239  0.0579999999999999 0.100458946838995 0  1.047197551196599 0 0   -0.8396311769936423  
15 23241  0.05623791594857499 0.10145588602817 0  1.064650843716542 0 0   -0.8360697059041082  
15 23899  0.05445870128316323 0.1024219207716356 0  1.082104136236485 0 0   -0.8493978952249611  
15 23901  0.05266289796978732 0.1033567568058507 0  1.099557428756429 0 0   -0.4439688544714562  
15 23903  0.05085105302753287 0.1042601093707034 0  1.117010721276372 0 0   -0.3774895898605345  
15 23248  0.04902371836192102 0.1051317032962514 0  1.134464013796315 0 0   -0.5572658659161055  
15 23907  0.04718145059679271 0.1059712730865418 0  1.151917306316259 0 0   -0.8223100295605613  
15 23909  0.04532481090475563 0.1067785630004831 0  1.169370598836202 0 0   -0.8113416918899764  
15 23253  0.04345436483624567 0.1075533271297474 0  1.186823891356145 0 0   -0.8056888383092317  
15 23255  0.04157068214725471 0.1082953294736755 0  1.204277183876089 0 0   -0.7907942736317646  
15 23914  0.03967433662577743 0.1090043440111654 0  1.221730476396032 0 0   -0.5199665732243286  
15 23916  0.03776590591703004 0.1096801547695208 0  1.239183768915975 0 0   -0.3645837834819462  
15 23918  0.03584597134749377 0.1103225558902379 0  1.256637061435919 0 0   -0.4129743419831907  
15 23920  0.03391511774783732 0.1109313516917122 0  1.274090353955862 0 0   -0.7780170883213692  
15 23264  0.03197393327477176 0.111506356728845 0  1.291543646475805 0 0   -0.7713886850181728  
15 23266  0.03002300923189226 0.112047395849532 0  1.308996938995749 0 0   -0.8021365569446438  
15 23925  0.02806293988956131 0.1125543042480156 0  1.326450231515692 0 0   -0.8400486302508184  
15 23927  0.02609432230388819 0.1130269275150873 0  1.343903524035635 0 0   -0.8998221617392168  
15 23929  0.02411775613485992 0.1134651216851215 0  1.361356816555578 0 0   -0.4905487473183118  
15 23931  0.02213384346367903 0.1138687532799291 0  1.378810109075522 0 0   -0.4234499623032695  
15 23933  0.02014318860936375 0.1142376993494162 0  1.396263401595465 0 0   -0.5841409552834901  
15 23935  0.01814639794466661 0.114571847509036 0  1.413716694115408 0 0   -0.9183186473368907  
15 23278  0.01614407971136742 0.1148710959740222 0  1.431169986635352 0 0   -0.9030974361762798  
15 23280  0.01413684383499693 0.1151353535903934 0  1.448623279155295 0 0   -0.9062781055202166  
15 23282  0.01212530173904762 0.1153645398627197 0  1.466076571675238 0 0   -0.8796933852902521  
15 23942  0.01011006615872816 0.1155585849786425 0  1.483529864195182 0 0   -0.5869711999726691  
15 23944  0.008091750954318347 0.1157174298301396 0  1.500983156715125 0 0   -0.4173205544131234  
15 23946  0.006070970924181294 0.1158410260315306 0  1.518436449235068 0 0   -0.4779308631778371  
15 23289  0.00404834161748992 0.1159293359342151 0  1.535889741755012 0 0   -0.8138998570115862  
15 23291  0.002024479146724691 0.1159823326381414 0  1.553343034274955 0 0   -0.893388146089818  
15 23952  -1.989544419353744e-16 0.116 0  1.570796326794898 0 0   -0.9017814726677162  
15 23294  -0.00202447914672509 0.1159823326381414 0  1.588249619314842 0 0   -0.8933896479156176  
15 23296  -0.004048341617490317 0.1159293359342151 0  1.605702911834785 0 0   -0.8139407060384617  
15 23957  -0.006070970924181692 0.1158410260315306 0  1.623156204354728 0 0   -0.4782060087215311  
15 23959  -0.008091750954318746 0.1157174298301396 0  1.640609496874672 0 0   -0.4180282857672049  
15 23961  -0.01011006615872856 0.1155585849786425 0  1.658062789394615 0 0   -0.5884801534755861  
15 23303  -0.01212530173904802 0.1153645398627197 0  1.675516081914558 0 0   -0.8821060652863794  
15 23305  -0.01413684383499733 0.1151353535903933 0  1.692969374434502 0 0   -0.9088608696719498  
15 23307  -0.01614407971136781 0.1148710959740221 0  1.710422666954445 0 0   -0.9057570186920993  
15 23968  -0.018146397944667 0.1145718475090359 0  1.727875959474388 0 0   -0.9212341682141846  
15 23970  -0.02014318860936415 0.1142376993494161 0  1.745329251994332 0 0   -0.5861758458444249  
15 23972  -0.02213384346367942 0.113868753279929 0  1.762782544514275 0 0   -0.4246044933913592  
15 23974  -0.02411775613486031 0.1134651216851214 0  1.780235837034218 0 0   -0.4910363169312724  
15 23976  -0.02609432230388857 0.1130269275150872 0  1.797689129554161 0 0   -0.8985929956194569  
15 23978  -0.02806293988956169 0.1125543042480155 0  1.815142422074105 0 0   -0.8390206207353347  
15 23319  -0.03002300923189265 0.1120473958495319 0  1.832595714594048 0 0   -0.8022422478067199  
15 23321  -0.03197393327477215 0.1115063567288449 0  1.850049007113991 0 0   -0.7774985849093491  
15 23983  -0.0339151177478377 0.110931351691712 0  1.867502299633935 0 0   -0.7803371672416847  
15 23985  -0.03584597134749413 0.1103225558902377 0  1.884955592153878 0 0   -0.4134918365933714  
15 23987  -0.03776590591703041 0.1096801547695207 0  1.902408884673821 0 0   -0.3648904128496158  
15 23989  -0.03967433662577782 0.1090043440111653 0  1.919862177193765 0 0   -0.5202148339140791  
15 23330  -0.04157068214725507 0.1082953294736753 0  1.937315469713708 0 0   -0.7911713226606004  
15 23332  -0.04345436483624604 0.1075533271297472 0  1.954768762233651 0 0   -0.8060398023840609  
15 23994  -0.045324810904756 0.106778563000483 0  1.972222054753595 0 0   -0.8116942998067196  
15 23996  -0.04718145059679307 0.1059712730865416 0  1.989675347273538 0 0   -0.8226670422814918  
15 23337  -0.04902371836192135 0.1051317032962513 0  2.007128639793481 0 0   -0.5574866590810775  
15 24000  -0.05085105302753318 0.1042601093707033 0  2.024581932313424 0 0   -0.3775889820881619  
15 24002  -0.0526628979697876 0.1033567568058506 0  2.042035224833367 0 0   -0.444010373573121  
15 24004  -0.05445870128316348 0.1024219207716354 0  2.05948851735331 0 0   -0.849404847761918  
15 23344  -0.05623791594857523 0.1014558860281699 0  2.076941809873253 0 0   -0.8360756291361093  
15 23346  -0.05800000000000012 0.1004589468389948 0  2.094395102393197 0 0   -0.8396374834571764  
15 23348  -0.05974441668956638 0.09943140688144497 0  2.11184839491314 0 0   -0.8372886276128192  
15 24011  -0.06147063465105185 0.09837357915414538 0  2.129301687433083 0 0   -0.8204613357188886  
15 24013  -0.06317812806174319 0.09728578588166915 0  2.146754979953026 0 0   -0.3771462045113337  
15 23353  -0.06486637680260667 0.09616835841638482 0  2.164208272472969 0 0   -0.2222480615546902  
15 24017  -0.06653486661672135 0.09502163713752304 0  2.181661564992912 0 0   -0.1864511053176264  
15 24019  -0.06818308926592688 0.09384597134749391 0  2.199114857512855 0 0   -0.1904726142944026  
15 23358  -0.06981054268563758 0.092641719165486 0  2.216568150032798 0 0   -0.1301637052911672  
15 23360  -0.07141673113777632 0.09140924741837979 0  2.234021442552741 0 0   -0.08744698199324784  
15 23362  -0.07300116536178108 0.09014893152900869 0  2.251474735072684 0 0   -0.06325078097511057  
15 24026  -0.07456336272363849 0.08886115540180152 0  2.268928027592628 0 0   -0.03661264567976893  
15 24028  -0.07610284736289875 0.08754631130584163 0  2.286381320112571 0 0   -0.02163295951059623  
15 24030  -0.07761915033762744 0.08620479975537784 0  2.303834612632514 0 0   -0.01657691181619532  
15 23369  -0.07911180976724971 0.08483702938782389 0  2.321287905152457 0 0   -0.01620066954355636  
15 23371  -0.08058037097324354 0.08344341683928368 0  2.3387411976724 0 0   -0.007437095951081992  
15 24035  -0.08202438661763937 0.08202438661763967 0  2.356194490192343 0 0   -0.002610099561033006  
15 23374  -0.08344341683928337 0.08058037097324387 0  2.373647782712286 0 0   0.007362366703774294  
15 23376  -0.0848370293878236 0.07911180976725002 0  2.391101075232229 0 0   0.01612272384715469  
15 24041  -0.08620479975537754 0.07761915033762777 0  2.408554367752172 0 0   0.01651433393350427  
15 24043  -0.08754631130584135 0.07610284736289907 0  2.426007660272115 0 0   0.02155903689069567  
15 24045  -0.08886115540180124 0.07456336272363881 0  2.443460952792059 0 0   0.03649363555209639  
15 23383  -0.09014893152900839 0.07300116536178143 0  2.460914245312002 0 0   0.06306254970261735  
15 23385  -0.09140924741837951 0.07141673113777666 0  2.478367537831945 0 0   0.08720838366449175  
15 23387  -0.09264171916548573 0.06981054268563792 0  2.495820830351888 0 0   0.1298276288294856  
15 24052  -0.09384597134749365 0.06818308926592724 0  2.513274122871831 0 0   0.1900067934284879  
15 24054  -0.09502163713752279 0.06653486661672171 0  2.530727415391774 0 0   0.1859381365385309  
15 23392  -0.09616835841638458 0.06486637680260703 0  2.548180707911717 0 0   0.2214319756033602  
15 24058  -0.09728578588166892 0.06317812806174355 0  2.56563400043166 0 0   0.3755144277827373  
15 24060  -0.09837357915414514 0.06147063465105221 0  2.583087292951603 0 0   0.8165759115073943  
15 23397  -0.09943140688144475 0.05974441668956675 0  2.600540585471546 0 0   0.8333503022420932  
15 23399  -0.1004589468389946 0.0580000000000005 0  2.61799387799149 0 0   0.8356855235703815  
15 23401  -0.1014558860281696 0.05623791594857561 0  2.635447170511433 0 0   0.8321418511263252  
15 24067  -0.1024219207716352 0.05445870128316387 0  2.652900463031376 0 0   0.8453974247324876  
15 24069  -0.1033567568058504 0.05266289796978799 0  2.670353755551319 0 0   0.4422212265031326  
15 24071  -0.1042601093707031 0.05085105302753357 0  2.687807048071262 0 0   0.3765833052796169  
15 23408  -0.1051317032962511 0.04902371836192175 0  2.705260340591205 0 0   0.5565952483740424  
15 24075  -0.1059712730865414 0.04718145059679346 0  2.722713633111148 0 0   0.8216167078527157  
15 24077  -0.1067785630004828 0.04532481090475642 0  2.740166925631091 0 0   0.8106448682106244  
15 23413  -0.1075533271297471 0.04345436483624649 0  2.757620218151034 0 0   0.804994154684108  
15 23415  -0.1082953294736751 0.04157068214725555 0  2.775073510670977 0 0   0.7901545491922302  
15 24082  -0.1090043440111651 0.03967433662577832 0  2.792526803190921 0 0   0.5196433573002099  
15 24084  -0.1096801547695205 0.03776590591703095 0  2.809980095710864 0 0   0.3648771664929724  
15 24086  -0.1103225558902376 0.0358459713474947 0  2.827433388230807 0 0   0.4137949634487267  
15 24088  -0.1109313516917119 0.03391511774783829 0  2.84488668075075 0 0   0.7803220486673712  
15 23424  -0.1115063567288447 0.03197393327477276 0  2.862339973270693 0 0   0.7762228909510409  
15 23426  -0.1120473958495317 0.03002300923189328 0  2.879793265790636 0 0   0.7971820421752212  
15 24093  -0.1125543042480154 0.02806293988956236 0  2.897246558310579 0 0   0.8396951179713956  
15 24095  -0.1130269275150871 0.02609432230388927 0  2.914699850830522 0 0   0.9027774773293458  
15 24097  -0.1134651216851213 0.02411775613486104 0  2.932153143350465 0 0   0.4937647874594374  
15 24099  -0.1138687532799288 0.02213384346368018 0  2.949606435870408 0 0   0.4254500342422819  
15 24101  -0.114237699349416 0.02014318860936493 0  2.967059728390351 0 0   0.5868128315278002  
15 24103  -0.1145718475090358 0.01814639794466781 0  2.984513020910295 0 0   0.9227030690536813  
15 23438  -0.114871095974022 0.01614407971136865 0  3.001966313430238 0 0   0.9075603471606618  
15 23440  -0.1151353535903932 0.01413684383499819 0  3.019419605950181 0 0   0.9112258228043812  
15 23442  -0.1153645398627196 0.01212530173904891 0  3.036872898470124 0 0   0.8849176224319947  
15 24110  -0.1155585849786424 0.01011006615872948 0  3.054326190990067 0 0   0.5905688433914615  
15 24112  -0.1157174298301395 0.008091750954319691 0  3.07177948351001 0 0   0.4197123251611359  
15 24114  -0.1158410260315305 0.006070970924182665 0  3.089232776029953 0 0   0.4803508959700226  
15 23449  -0.1159293359342151 0.004048341617491317 0  3.106686068549896 0 0   0.8177591433317353  
15 23451  -0.1159823326381414 0.002024479146726115 0  3.124139361069839 0 0   0.8975995110554699  
15 24119  -0.116 1.250550263092684e-15 0  3.141592653589782 0 0   0.906034281698282  
15 23454  -0.1159823326381414 -0.002024479146723614 0  3.159045946109726 0 0   0.8976006179597193  
15 23456  -0.1159293359342152 -0.004048341617488817 0  3.176499238629669 0 0   0.8177117730885785  
15 24125  -0.1158410260315307 -0.006070970924180167 0  3.193952531149612 0 0   0.4800184337284852  
15 24127  -0.1157174298301397 -0.008091750954317196 0  3.211405823669555 0 0   0.4188622082587023  
15 24129  -0.1155585849786426 -0.01011006615872699 0  3.228859116189498 0 0   0.5887889858915606  
15 23463  -0.1153645398627199 -0.01212530173904642 0  3.246312408709441 0 0   0.8820379642612106  
15 23465  -0.1151353535903935 -0.01413684383499571 0  3.263765701229384 0 0   0.9084318167089598  
15 23467  -0.1148710959740224 -0.01614407971136617 0  3.281218993749327 0 0   0.9047980724327456  
15 24136  -0.1145718475090362 -0.01814639794466534 0  3.29867228626927 0 0   0.9199685803991901  
15 24138  -0.1142376993494164 -0.02014318860936246 0  3.316125578789213 0 0   0.5851080705493792  
15 24140  -0.1138687532799293 -0.02213384346367772 0  3.333578871309157 0 0   0.4243326414759304  
15 24142  -0.1134651216851218 -0.02411775613485859 0  3.3510321638291 0 0   0.492099239566683  
15 24144  -0.1130269275150876 -0.02609432230388683 0  3.368485456349043 0 0   0.90198986594623  
15 24146  -0.112554304248016 -0.02806293988955993 0  3.385938748868986 0 0   0.8376672239206348  
15 23479  -0.1120473958495323 -0.03002300923189087 0  3.403392041388929 0 0   0.796818789609347  
15 23481  -0.1115063567288454 -0.03197393327477036 0  3.420845333908872 0 0   0.7716333119950305  
15 24151  -0.1109313516917126 -0.0339151177478359 0  3.438298626428815 0 0   0.7768583094511188  
15 24153  -0.1103225558902383 -0.03584597134749232 0  3.455751918948758 0 0   0.4125476994456943  
15 24155  -0.1096801547695213 -0.03776590591702858 0  3.473205211468701 0 0   0.3645906277916498  
15 24157  -0.109004344011166 -0.03967433662577597 0  3.490658503988644 0 0   0.5202529254811751  
15 23490  -0.108295329473676 -0.04157068214725321 0  3.508111796508588 0 0   0.7914074076504305  
15 23492  -0.107553327129748 -0.04345436483624417 0  3.525565089028531 0 0   0.8062777852670722  
15 24162  -0.1067785630004838 -0.04532481090475412 0  3.543018381548474 0 0   0.8119353312949904  
15 24164  -0.1059712730865424 -0.04718145059679118 0  3.560471674068417 0 0   0.8229266959599084  
15 23497  -0.1051317032962522 -0.04902371836191948 0  3.57792496658836 0 0   0.5573744607816222  
15 24168  -0.1042601093707042 -0.05085105302753132 0  3.595378259108303 0 0   0.3768634948118584  
15 24170  -0.1033567568058515 -0.05266289796978577 0  3.612831551628246 0 0   0.4421735753055488  
15 24172  -0.1024219207716364 -0.05445870128316166 0  3.630284844148189 0 0   0.8449463382978777  
15 23504  -0.1014558860281708 -0.05623791594857342 0  3.647738136668132 0 0   0.8317014432610216  
15 23506  -0.1004589468389959 -0.05799999999999832 0  3.665191429188075 0 0   0.835243457731484  
15 23508  -0.09943140688144604 -0.05974441668956461 0  3.682644721708018 0 0   0.8329056088006975  
15 24179  -0.09837357915414648 -0.0614706346510501 0  3.700098014227962 0 0   0.8161552653598895  
15 24181  -0.09728578588167029 -0.06317812806174146 0  3.717551306747905 0 0   0.37524090843637  
15 23513  -0.09616835841638598 -0.06486637680260496 0  3.735004599267848 0 0   0.2211895905766068  
15 24185  -0.09502163713752422 -0.06653486661671967 0  3.752457891787791 0 0   0.185634976902528  
15 24187  -0.09384597134749513 -0.0681830892659252 0  3.769911184307734 0 0   0.1896482556644535  
15 23518  -0.09264171916548723 -0.06981054268563593 0  3.787364476827677 0 0   0.129573858265939  
15 23520  -0.09140924741838106 -0.07141673113777469 0  3.80481776934762 0 0   0.08701675135616548  
15 23522  -0.09014893152900998 -0.07300116536177947 0  3.822271061867563 0 0   0.06289993663703576  
15 24194  -0.08886115540180284 -0.07456336272363691 0  3.839724354387506 0 0   0.03638499638960831  
15 24196  -0.08754631130584301 -0.0761028473628972 0  3.857177646907449 0 0   0.02148490810144858  
15 24198  -0.08620479975537922 -0.07761915033762591 0  3.874630939427393 0 0   0.01644422572736397  
15 23529  -0.08483702938782531 -0.07911180976724819 0  3.892084231947336 0 0   0.0160289967007563  
15 23531  -0.08344341683928512 -0.08058037097324207 0  3.909537524467279 0 0   0.007266039773483089  
15 24203  -0.08202438661764114 -0.0820243866176379 0  3.926990816987222 0 0   0.002432513970655945  
15 22894  -0.08058037097324534 -0.08344341683928193 0  3.944444109507165 0 0   -0.00739153717910805  
15 22896  -0.07911180976725155 -0.0848370293878222 0  3.961897402027108 0 0   -0.01631821901629974  
15 23537  -0.07761915033762931 -0.08620479975537616 0  3.979350694547051 0 0   -0.01661577293550413  
15 23539  -0.07610284736290064 -0.08754631130583999 0  3.996803987066994 0 0   -0.02168846579956065  
15 23541  -0.07456336272364039 -0.08886115540179991 0  4.014257279586937 0 0   -0.03659891553134224  
15 22903  -0.07300116536178304 -0.09014893152900709 0  4.03171057210688 0 0   -0.06334026871877291  
15 22905  -0.0714167311377783 -0.09140924741837825 0  4.049163864626824 0 0   -0.08747996276897953  
15 22907  -0.06981054268563958 -0.0926417191654845 0  4.066617157146767 0 0   -0.1303470836639174  
15 23548  -0.06818308926592889 -0.09384597134749244 0  4.08407044966671 0 0   -0.1910781011325666  
15 23550  -0.06653486661672341 -0.09502163713752161 0  4.101523742186653 0 0   -0.1865750669392618  
15 22912  -0.06486637680260875 -0.09616835841638342 0  4.118977034706596 0 0   -0.2221416497914453  
15 23554  -0.06317812806174529 -0.09728578588166781 0  4.136430327226539 0 0   -0.3761813317551872  
15 23556  -0.06147063465105397 -0.09837357915414405 0  4.153883619746482 0 0   -0.8177343490841178  
15 22917  -0.05974441668956853 -0.09943140688144368 0  4.171336912266425 0 0   -0.8345314698887021  
15 22919  -0.05800000000000229 -0.1004589468389936 0  4.188790204786368 0 0   -0.8368665626622197  
15 22921  -0.05623791594857742 -0.1014558860281686 0  4.206243497306311 0 0   -0.8333190550232563  
15 23563  -0.05445870128316569 -0.1024219207716343 0  4.223696789826255 0 0   -0.8465999124236452  
15 23565  -0.05266289796978983 -0.1033567568058495 0  4.241150082346198 0 0   -0.4427341568792872  
15 23567  -0.05085105302753543 -0.1042601093707022 0  4.258603374866141 0 0   -0.3768235839649907  
15 22928  -0.04902371836192362 -0.1051317032962502 0  4.276056667386084 0 0   -0.5567250303421716  
15 23571  -0.04718145059679536 -0.1059712730865406 0  4.293509959906027 0 0   -0.8217088824112839  
15 23573  -0.04532481090475833 -0.106778563000482 0  4.31096325242597 0 0   -0.8107394907158538  
15 22933  -0.04345436483624841 -0.1075533271297463 0  4.328416544945913 0 0   -0.8050884257680181  
15 22935  -0.04157068214725748 -0.1082953294736744 0  4.345869837465856 0 0   -0.7902380737352629  
15 23578  -0.03967433662578027 -0.1090043440111644 0  4.363323129985799 0 0   -0.519566460745793  
15 23580  -0.0377659059170329 -0.1096801547695198 0  4.380776422505742 0 0   -0.3643906878936766  
15 23582  -0.03584597134749667 -0.1103225558902369 0  4.398229715025685 0 0   -0.4126150277408581  
15 23584  -0.03391511774784026 -0.1109313516917113 0  4.415683007545629 0 0   -0.777515713151209  
15 22944  -0.03197393327477475 -0.1115063567288442 0  4.433136300065572 0 0   -0.7735391350505009  
15 22946  -0.03002300923189528 -0.1120473958495312 0  4.450589592585515 0 0   -0.7946165072244109  
15 23589  -0.02806293988956437 -0.1125543042480149 0  4.468042885105458 0 0   -0.8372458454459976  
15 23591  -0.02609432230389128 -0.1130269275150866 0  4.485496177625401 0 0   -0.9003569298515735  
15 23593  -0.02411775613486306 -0.1134651216851208 0  4.502949470145344 0 0   -0.4922938737398296  
15 23595  -0.02213384346368221 -0.1138687532799284 0  4.520402762665287 0 0   -0.4239627156253554  
15 23597  -0.02014318860936696 -0.1142376993494156 0  4.53785605518523 0 0   -0.5845191555092561  
15 23599  -0.01814639794466986 -0.1145718475090355 0  4.555309347705173 0 0   -0.9189975047449949  
15 22958  -0.01614407971137069 -0.1148710959740217 0  4.572762640225116 0 0   -0.9039132357808582  
15 22960  -0.01413684383500024 -0.115135353590393 0  4.59021593274506 0 0   -0.9075402526080661  
15 22962  -0.01212530173905097 -0.1153645398627194 0  4.607669225265003 0 0   -0.8813168045068068  
15 23606  -0.01011006615873154 -0.1155585849786422 0  4.625122517784946 0 0   -0.5881603230037877  
15 23608  -0.008091750954321754 -0.1157174298301394 0  4.642575810304889 0 0   -0.4180168791267261  
15 23610  -0.00607097092418473 -0.1158410260315304 0  4.660029102824832 0 0   -0.4784436968921146  
15 22969  -0.004048341617493383 -0.115929335934215 0  4.677482395344775 0 0   -0.8145415938393306  
15 22971  -0.002024479146728182 -0.1159823326381413 0  4.694935687864718 0 0   -0.8940740736886696  
15 23615  -3.318227148232029e-15 -0.116 0  4.712388980384661 0 0   -0.9024748660799894  
15 22974  0.002024479146721547 -0.1159823326381414 0  4.729842272904604 0 0   -0.8940793157086978  
15 22976  0.004048341617486751 -0.1159293359342152 0  4.747295565424547 0 0   -0.8145394406906523  
15 23621  0.006070970924178102 -0.1158410260315307 0  4.764748857944491 0 0   -0.4783616734585494  
15 23623  0.008091750954315134 -0.1157174298301399 0  4.782202150464434 0 0   -0.417799859023272  
15 23625  0.01011006615872493 -0.1155585849786428 0  4.799655442984377 0 0   -0.5877638501741751  
15 22983  0.01212530173904437 -0.1153645398627201 0  4.81710873550432 0 0   -0.880913395408554  
15 22985  0.01413684383499366 -0.1151353535903938 0  4.834562028024263 0 0   -0.9076258434492323  
15 22987  0.01614407971136412 -0.1148710959740226 0  4.852015320544206 0 0   -0.9045213708933395  
15 23632  0.0181463979446633 -0.1145718475090365 0  4.869468613064149 0 0   -0.9199545991708361  
15 23634  0.02014318860936043 -0.1142376993494168 0  4.886921905584092 0 0   -0.5854827960914309  
15 23636  0.0221338434636757 -0.1138687532799297 0  4.904375198104035 0 0   -0.424482886194245  
15 23638  0.02411775613485657 -0.1134651216851222 0  4.921828490623978 0 0   -0.4913510015054726  
15 23640  0.02609432230388482 -0.1130269275150881 0  4.939281783143922 0 0   -0.8991803272249496  
15 23642  0.02806293988955793 -0.1125543042480165 0  4.956735075663865 0 0   -0.8389668589250252  
15 22999  0.03002300923188887 -0.1120473958495329 0  4.974188368183808 0 0   -0.8017978535968773  
15 23001  0.03197393327476836 -0.111506356728846 0  4.991641660703751 0 0   -0.7769438757618732  
15 23647  0.03391511774783391 -0.1109313516917132 0  5.009094953223694 0 0   -0.7797168222243047  
15 23649  0.03584597134749035 -0.110322555890239 0  5.026548245743637 0 0   -0.4132395676851918  
15 23651  0.03776590591702662 -0.109680154769522 0  5.04400153826358 0 0   -0.3648408659508708  
15 23653  0.03967433662577403 -0.1090043440111667 0  5.061454830783523 0 0   -0.5203063939197211  
15 23010  0.04157068214725129 -0.1082953294736768 0  5.078908123303466 0 0   -0.7913801461890164  
15 23012  0.04345436483624225 -0.1075533271297488 0  5.096361415823409 0 0   -0.8062557119481658  
15 23658  0.04532481090475222 -0.1067785630004846 0  5.113814708343352 0 0   -0.8119130904803079  
15 23660  0.04718145059678929 -0.1059712730865433 0  5.131268000863296 0 0   -0.8228937327629946  
15 23017  0.04902371836191761 -0.105131703296253 0  5.148721293383239 0 0   -0.5575566302362209  
15 23664  0.05085105302752947 -0.1042601093707051 0  5.166174585903182 0 0   -0.3774463599656122  
15 23666  0.05266289796978392 -0.1033567568058525 0  5.183627878423125 0 0   -0.4435555869049556  
15 23668  0.05445870128315983 -0.1024219207716374 0  5.201081170943068 0 0   -0.8482583638041739  
15 23024  0.05623791594857161 -0.1014558860281718 0  5.218534463463011 0 0   -0.8349525844663367  
15 23026  0.05799999999999653 -0.1004589468389969 0  5.235987755982954 0 0   -0.8385094644923888  
15 23028  0.05974441668956283 -0.09943140688144711 0  5.253441048502897 0 0   -0.8361699238963826  
15 23675  0.06147063465104834 -0.09837357915414757 0  5.27089434102284 0 0   -0.8193066245689861  
15 23677  0.06317812806173974 -0.09728578588167142 0  5.288347633542783 0 0   -0.3769147407412285  
15 23033  0.06486637680260324 -0.09616835841638714 0  5.305800926062727 0 0   -0.2226715486370168  
15 23681  0.06653486661671797 -0.09502163713752543 0  5.32325421858267 0 0   -0.1869045783500987  
15 23683  0.06818308926592354 -0.09384597134749634 0  5.340707511102613 0 0   -0.1911375526899234  
15 23038  0.06981054268563427 -0.09264171916548848 0  5.358160803622556 0 0   -0.1304336838225159  
15 23040  0.07141673113777305 -0.09140924741838233 0  5.375614096142499 0 0   -0.0879804661125211  
15 23042  0.07300116536177786 -0.09014893152901128 0  5.393067388662442 0 0   -0.06326623872758258  
15 23690  0.07456336272363533 -0.08886115540180418 0  5.410520681182385 0 0   -0.03668594207122299  
15 23692  0.07610284736289563 -0.08754631130584435 0  5.427973973702328 0 0   -0.02173080620128864  
15 23694  0.07761915033762438 -0.08620479975538059 0  5.445427266222271 0 0   -0.01663954666226553  
15 23049  0.07911180976724669 -0.08483702938782671 0  5.462880558742214 0 0   -0.01626095606045495  
15 23051  0.08058037097324057 -0.08344341683928655 0  5.480333851262158 0 0   -0.007411773725422381  
15 23699  0.08202438661763645 -0.08202438661764259 0  5.497787143782101 0 0   -0.002604401013990033  
15 23054  0.0834434168392805 -0.08058037097324684 0  5.515240436302044 0 0   0.007398157625539073  
15 23056  0.08483702938782078 -0.07911180976725304 0  5.532693728821987 0 0   0.01622050342523856  
15 23705  0.08620479975537478 -0.07761915033763084 0  5.55014702134193 0 0   0.01659524227418024  
15 23707  0.08754631130583863 -0.07610284736290221 0  5.567600313861873 0 0   0.02165438447676243  
15 23709  0.08886115540179858 -0.07456336272364199 0  5.585053606381816 0 0   0.03664580966880451  
15 23063  0.0901489315290058 -0.07300116536178464 0  5.602506898901759 0 0   0.06326868795310171  
15 23065  0.09140924741837697 -0.07141673113777992 0  5.619960191421702 0 0   0.08779083957747778  
15 23067  0.09264171916548325 -0.06981054268564123 0  5.637413483941645 0 0   0.13056942341089  
15 23716  0.09384597134749123 -0.06818308926593057 0  5.654866776461589 0 0   0.1911678957128607  
15 23718  0.09502163713752043 -0.0665348666167251 0  5.672320068981532 0 0   0.1867326510447971  
15 23072  0.09616835841638227 -0.06486637680261045 0  5.689773361501475 0 0   0.2226051671240696  
15 23722  0.09728578588166667 -0.06317812806174702 0  5.707226654021418 0 0   0.3768146549495581  
15 23724  0.09837357915414295 -0.06147063465105573 0  5.724679946541361 0 0   0.8191081918655578  
15 23077  0.09943140688144263 -0.05974441668957031 0  5.742133239061304 0 0   0.8359654842322761  
15 23079  0.1004589468389925 -0.05800000000000407 0  5.759586531581247 0 0   0.8383056827111728  
15 23081  0.1014558860281676 -0.05623791594857923 0  5.77703982410119 0 0   0.8347478606047394  
15 23731  0.1024219207716333 -0.05445870128316752 0  5.794493116621133 0 0   0.8480470270375413  
15 23733  0.1033567568058485 -0.05266289796979168 0  5.811946409141076 0 0   0.4434596113095506  
15 23735  0.1042601093707013 -0.05085105302753729 0  5.82939970166102 0 0   0.3773842006165823  
15 23088  0.1051317032962494 -0.0490237183619255 0  5.846852994180963 0 0   0.5574872523970597  
15 23739  0.1059712730865398 -0.04718145059679724 0  5.864306286700906 0 0   0.822803399309006  
15 23741  0.1067785630004812 -0.04532481090476023 0  5.881759579220849 0 0   0.8118231746419902  
15 23093  0.1075533271297455 -0.04345436483625032 0  5.899212871740792 0 0   0.8061665128383996  
15 23095  0.1082953294736737 -0.04157068214725941 0  5.916666164260735 0 0   0.7912639291240282  
15 23746  0.1090043440111637 -0.0396743366257822 0  5.934119456780678 0 0   0.5202876956940685  
15 23748  0.1096801547695191 -0.03776590591703485 0  5.951572749300621 0 0   0.3648471246247824  
15 23750  0.1103225558902363 -0.03584597134749863 0  5.969026041820564 0 0   0.413325817092724  
15 23752  0.1109313516917107 -0.03391511774784224 0  5.986479334340507 0 0   0.7788044911611456  
15 23104  0.1115063567288436 -0.03197393327477673 0  6.00393262686045 0 0   0.773693024231878  
15 23106  0.1120473958495306 -0.03002300923189728 0  6.021385919380394 0 0   0.8026669983315254  
15 23757  0.1125543042480144 -0.02806293988956637 0  6.038839211900337 0 0   0.8407166877655087  
15 23759  0.1130269275150862 -0.0260943223038933 0  6.05629250442028 0 0   0.9006739137026987  
15 23761  0.1134651216851204 -0.02411775613486508 0  6.073745796940223 0 0   0.4910520608301832  
15 23763  0.113868753279928 -0.02213384346368424 0  6.091199089460166 0 0   0.4238709921901653  
15 23765  0.1142376993494152 -0.020143188609369 0  6.108652381980109 0 0   0.5846921466707605  
15 23767  0.1145718475090352 -0.0181463979446719 0  6.126105674500052 0 0   0.9191784018684804  
15 23118  0.1148710959740214 -0.01614407971137274 0  6.143558967019995 0 0   0.9039500060180867  
15 23120  0.1151353535903927 -0.01413684383500229 0  6.161012259539938 0 0   0.9071426803321492  
15 23122  0.1153645398627192 -0.01212530173905302 0  6.178465552059881 0 0   0.8805359114347082  
15 23774  0.115558584978642 -0.0101100661587336 0  6.195918844579825 0 0   0.5875178967598289  
15 23776  0.1157174298301392 -0.008091750954323816 0  6.213372137099768 0 0   0.4176595039749335  
15 23778  0.1158410260315303 -0.006070970924186794 0  6.230825429619711 0 0   0.4782435522950747  
15 23129  0.1159293359342149 -0.00404834161749545 0  6.248278722139654 0 0   0.8143707680571585  
15 23131  0.1159823326381413 -0.00202447914673025 0  6.265732014659597 0 0   0.8938963642580067  
15 23783  0.116 -5.385904033371374e-15 0  6.28318530717954 0 0   0.9022925059431616  
